SERIE_INITIAL_DATA   : 2010.  1.  1.  0.  0.  0.0
TIME_UNITS : DAYS
!DAYS PRECIPITACAO
<BeginTimeSerie>
0    5.8
1    0
2    6.4
3    0
4    19.6
5    49.4
6    4.8
7    15.6
8    3.9
9    4.3
10    3.8
11    32.4
12    5.3
13    0
14    4.6
15    0
16    6.1
17    26.2
18    0
19    0
20    12.4
21    4.8
22    16.2
23    3.8
24    0
25    4.8
26    15.4
27    0
28    5.3
29    0
30    3.2
31    0
32    0
33    0
34    0
35    0
36    0
37    0
38    0
39    20.4
40    4.6
41    2.3
42    3.2
43    0
44    0
45    13.5
46    18.6
47    0
48    9.3
49    0
50    0
51    0
52    19.4
53    43.4
54    36.3
55    5.2
56    0
57    0
58    4.3
59    5.8
60    12.6
61    8.4
62    13.6
63    7.3
64    31.3
65    28.6
66    7.4
67    6.8
68    4.3
69    0
70    9.4
71    2.6
72    10.3
73    3.2
74    0
75    0
76    0
77    0
78    0
79    0
80    4.3
81    0
82    10.1
83    41.3
84    91.8
85    3.9
86    4.3
87    2.4
88    21.7
89    0
90    0.8
91    0
92    0
93    0
94    3.6
95    2.4
96    0.9
97    0.6
98    0.3
99    1.4
100    1.8
101    0.6
102    1.2
103    1.4
104    0
105    0
106    0
107    0
108    0
109    0
110    0
111    48.3
112    34.3
113    18.6
114    16.4
115    14.8
116    3.6
117    0
118    0
119    0
120    0
121    0
122    0
123    0
124    0
125    0
126    0
127    27.3
128    14.8
129    0
130    12.8
131    54.6
132    10.8
133    0
134    0
135    2.4
136    10.4
137    26.3
138    148.2
139    12.3
140    2.6
141    4.8
142    12.4
143    21.4
144    6.8
145    0
146    0
147    2.4
148    21.3
149    6.4
150    0
151    0
152    0
153    10.6
154    38.4
155    7.8
156    0
157    0
158    0
159    0
160    0
161    1.4
162    2.8
163    0
164    0
165    0
166    0
167    0
168    4.3
169    3.8
170    6.4
171    8.3
172    0
173    0
174    0
175    0.8
176    0
177    0
178    0.6
179    0
180    0
181    0
182    0
183    0
184    0
185    0
186    0
187    0
188    4.3
189    3.8
190    5.3
191    0
192    4.6
193    16.4
194    0
195    0
196    8.4
197    6.8
198    13.6
199    12.1
200    21.8
201    0
202    0
203    26.4
204    5.3
205    3.9
206    0
207    0
208    0
209    0
210    0
211    0
212    16.8
213    4.6
214    0
215    0
216    12.6
217    8.4
218    0
219    0
220    0
221    0
222    0
223    0
224    0
225    4.6
226    0
227    0
228    0
229    0
230    0
231    0
232    0
233    0
234    0
235    0
236    0
237    0
238    0
239    0
240    0
241    0
242    1.8
243    0
244    0
245    0
246    0
247    5.8
248    0
249    0
250    4.6
251    0
252    0
253    0
254    21.1
255    2.9
256    0
257    0
258    0
259    0
260    4.8
261    0
262    12.3
263    28.9
264    35.3
265    8.4
266    2.3
267    0
268    1.8
269    6.6
270    38.5
271    6.2
272    1.8
273    4.6
274    3.5
275    21.2
276    0
277    2.8
278    0
279    3.1
280    24.3
281    3.8
282    0
283    0
284    0
285    0
286    0
287    7
288    0
289    0
290    11.5
291    0
292    0
293    0
294    0
295    0
296    0
297    13.4
298    1.8
299    5.6
300    0.8
301    0
302    41.3
303    1.6
304    0
305    0
306    0
307    0
308    0
309    36
310    0
311    0
312    0
313    8.1
314    0
315    0
316    0
317    0
318    28.6
319    26.4
320    23.3
321    16.8
322    4.5
323    7.3
324    6.8
325    5.8
326    41.4
327    0
328    6.3
329    5.1
330    0
331    0
332    22.1
333    26.4
334    0
335    6.1
336    8.6
337    7.5
338    8.3
339    6.4
340    0
341    7.5
342    2.2
343    0
344    0
345    1.3
346    6.4
347    9.3
348    4.2
349    0
350    2.1
351    1.8
352    0
353    0
354    11.4
355    21.3
356    8.4
357    7.6
358    12.4
359    6.8
360    0
361    0
362    1.1
363    2.8
364    0.4
365    0.3
366    1.3
367    0
368    0
369    0
370    8.1
371    6.3
372    5.8
373    4.2
374    2.4
375    2.8
376    3.4
377    1.8
378    18.6
379    5.2
380    41.8
381    0
382    0
383    12.6
384    16.4
385    16.1
386    53.4
387    116.5
388    8
389    0
390    0
391    0
392    0.6
393    0.9
394    4.5
395    0
396    0
397    10.2
398    0
399    0.8
400    0
401    12.8
402    30.1
403    0
404    0
405    40.3
406    27.8
407    8.4
408    7.8
409    5.2
410    16.3
411    5.8
412    0.8
413    0
414    0
415    0
416    6.1
417    8.2
418    21.6
419    10.4
420    11.3
421    20.6
422    26.3
423    0.8
424    0
425    2.8
426    0
427    12.4
428    6.2
429    9.3
430    0
431    0
432    6.2
433    10.9
434    13.3
435    23.4
436    88.3
437    12.6
438    0
439    0
440    0
441    0
442    0
443    0
444    0
445    2.8
446    7.4
447    0.8
448    8.3
449    1.4
450    3.6
451    1.8
452    4.9
453    5.6
454    4.2
455    14.6
456    11.4
457    0
458    0
459    0
460    0
461    0
462    0
463    0
464    18.3
465    1.2
466    0
467    0
468    0
469    0
470    0
471    0
472    0
473    0
474    0
475    0
476    1.4
477    0
478    3.6
479    0
480    0
481    0
482    1.2
483    2.1
484    0
485    4.3
486    0
487    0
488    0
489    0
490    0
491    0
492    0
493    0
494    0.8
495    8.6
496    0
497    0
498    0
499    20.3
500    8.3
501    1.6
502    0
503    24.3
504    8.4
505    5.2
506    0
507    0
508    0.4
509    0
510    0
511    0
512    0
513    0
514    0
515    0
516    0
517    0
518    0
519    0.8
520    0
521    0
522    7.6
523    12.3
524    0
525    0
526    0
527    0
528    0
529    0
530    0
531    0
532    0
533    1.8
534    0
535    0
536    0
537    5.6
538    21.4
539    14.6
540    14.8
541    5.1
542    2.8
543    0
544    3.8
545    16.9
546    18.4
547    19.6
548    15.8
549    0
550    0
551    0
552    0
553    0
554    0
555    0
556    0
557    0
558    1.8
559    4.6
560    0.8
561    0
562    0
563    13.8
564    10.2
565    8.1
566    26.2
567    2.4
568    0
569    10.6
570    2.8
571    0
572    0
573    0
574    0
575    11.2
576    3.1
577    10.4
578    28.9
579    0
580    0
581    0
582    0
583    0
584    31.6
585    68.4
586    41.2
587    5.6
588    0
589    0
590    0
591    6.2
592    0
593    0
594    0
595    8.2
596    0
597    0
598    0
599    19.1
600    28.6
601    16.4
602    0
603    6
604    8.6
605    24.8
606    40.6
607    18.3
608    0
609    0
610    0
611    0
612    0
613    14.6
614    21.3
615    86.3
616    81.4
617    2.8
618    0
619    0
620    0
621    0
622    0
623    4.1
624    7.6
625    4.5
626    1.2
627    11.7
628    26.3
629    0
630    0.3
631    1.9
632    0.9
633    0
634    0
635    0
636    0
637    0
638    0
639    3.1
640    0
641    0
642    0
643    0
644    0
645    7.6
646    3.8
647    0
648    0
649    0
650    13.5
651    25.2
652    0
653    1.9
654    0.8
655    0
656    0.6
657    0
658    34.1
659    2.2
660    0
661    0
662    10.6
663    2.8
664    4.6
665    0
666    0
667    0.9
668    0
669    0
670    0
671    0
672    0
673    0
674    10.3
675    0
676    0
677    0
678    0
679    12.6
680    4.2
681    0
682    2.8
683    10.2
684    16.2
685    0
686    0
687    3.2
688    2.8
689    1.6
690    10.8
691    15.6
692    0
693    0
694    2.6
695    0
696    6.8
697    10.6
698    4.7
699    0
700    0
701    0
702    8.6
703    1.3
704    0
705    0
706    43.2
707    19.1
708    2.3
709    5.1
710    0
711    18.1
712    41.3
713    20.4
714    18.6
715    0
716    0
717    11.4
718    0
719    0
720    0
721    0
722    0
723    13.8
724    11.6
725    0
726    8.4
727    6.4
728    0
729    19.3
730    48.1
731    38.6
732    1.3
733    0
734    0.7
735    6.8
736    5.6
737    0
738    29.6
739    1.6
740    23.4
741    20.8
742    0
743    11.3
744    21.4
745    0
746    8.4
747    30.6
748    0
749    0
750    0
751    0
752    0
753    0
754    21.4
755    6.6
756    0.8
757    0.2
758    0
759    0
760    0
761    0
762    0
763    0
764    0
765    0
766    4.8
767    16.7
768    5.6
769    14.8
770    12.6
771    6.4
772    5.3
773    4.8
774    0
775    6.8
776    0
777    0
778    0
779    0
780    0
781    0
782    3.8
783    4.6
784    0
785    0
786    5.2
787    2.4
788    0
789    2.8
790    3.2
791    4.1
792    0
793    0
794    0
795    0
796    0
797    0
798    0
799    0
800    0
801    0
802    0
803    0
804    11.6
805    0
806    0
807    0
808    0
809    0
810    0
811    8.3
812    7.1
813    9.2
814    0
815    0
816    0.6
817    3.9
818    0
819    0
820    3.4
821    0
822    0
823    0
824    0
825    0
826    7.8
827    0
828    1.6
829    10.4
830    12.3
831    34.6
832    6.8
833    13.5
834    2.2
835    1.1
836    0
837    0
838    0
839    0
840    0
841    1.8
842    1.3
843    0
844    0
845    2.8
846    28.6
847    8.1
848    2.6
849    15.1
850    0
851    0
852    0
853    0
854    4.9
855    0
856    0
857    9.6
858    0
859    0
860    0
861    0
862    0
863    1.5
864    0
865    0
866    1.2
867    0
868    1.9
869    0
870    18.6
871    10.1
872    0.9
873    0
874    0
875    31.2
876    20.1
877    0
878    0
879    0
880    0
881    0.3
882    0
883    0
884    8.3
885    18.4
886    17.3
887    0.3
888    0
889    0
890    0
891    0
892    9.2
893    0.2
894    0
895    0
896    0
897    0
898    0
899    33.1
900    0
901    2.3
902    2.8
903    10.1
904    39.9
905    0
906    0
907    0
908    0
909    0
910    0
911    0
912    0
913    0
914    0
915    0
916    0
917    0
918    15.5
919    1.2
920    0
921    0
922    8.1
923    6.8
924    0
925    0
926    0
927    0
928    7.8
929    10.9
930    0
931    0
932    0
933    0
934    0
935    6.8
936    12.6
937    10.2
938    30.6
939    5.8
940    0
941    10.2
942    30.8
943    17.9
944    0.8
945    0
946    0
947    0
948    0
949    0
950    0
951    0
952    0
953    0
954    0
955    0
956    0
957    3.6
958    3.8
959    1.1
960    2.4
961    1.6
962    0.4
963    0
964    0
965    0
966    0
967    0
968    0
969    0
970    0
971    9.8
972    15.5
973    0
974    0
975    0
976    0
977    0
978    0
979    0
980    0
981    0
982    0.8
983    10.1
984    28.6
985    0
986    2.8
987    0
988    0
989    0
990    0
991    0
992    1.8
993    7.4
994    6.8
995    8.2
996    0
997    0
998    0
999    1.8
1000    0
1001    1.2
1002    6.1
1003    9.4
1004    13.1
1005    10.3
1006    0
1007    5.1
1008    3
1009    0.3
1010    0
1011    0
1012    0
1013    0.4
1014    31.3
1015    14.6
1016    1.2
1017    0.4
1018    0
1019    0
1020    0
1021    0
1022    0
1023    0
1024    0
1025    0
1026    38.6
1027    2.8
1028    0
1029    2.8
1030    10
1031    0
1032    0
1033    0
1034    0
1035    0
1036    0.2
1037    0
1038    0
1039    2.4
1040    0
1041    10.8
1042    0
1043    5.1
1044    7.9
1045    3.1
1046    0
1047    1.8
1048    8
1049    6.4
1050    11.6
1051    0.8
1052    0
1053    0
1054    4.7
1055    0
1056    0
1057    0
1058    0
1059    11.4
1060    0
1061    0
1062    2.1
1063    0
1064    3.2
1065    2.6
1066    16.8
1067    3.4
1068    2.3
1069    3.8
1070    0
1071    0.3
1072    0
1073    0
1074    0
1075    3.6
1076    4.8
1077    0
1078    2.6
1079    2.9
1080    6.4
1081    4.9
1082    0
1083    0
1084    0
1085    0
1086    9.6
1087    3.4
1088    0
1089    0
1090    0
1091    10.4
1092    0.8
1093    0
1094    5.1
1095    0
1096    0.8
1097    0.2
1098    0
1099    0.6
1100    2.1
1101    12.6
1102    0.8
1103    6.4
1104    11.2
1105    0
1106    0.3
1107    0
1108    0
1109    0
1110    11.5
1111    0
1112    0
1113    0
1114    16.8
1115    0
1116    26.4
1117    21.8
1118    1.1
1119    0.3
1120    0
1121    0.4
1122    0
1123    0
1124    0.3
1125    0
1126    0
1127    0
1128    0
1129    6.1
1130    12.3
1131    0
1132    7.8
1133    11.4
1134    0.3
1135    29.2
1136    0.8
1137    8.6
1138    10.4
1139    2.6
1140    3.4
1141    10.8
1142    11.4
1143    9.3
1144    8.6
1145    1.2
1146    0
1147    0
1148    0
1149    0
1150    0
1151    0
1152    14.5
1153    0
1154    0
1155    0
1156    0
1157    0
1158    0
1159    46.2
1160    12.4
1161    0
1162    4.6
1163    38.6
1164    18.5
1165    0.2
1166    0
1167    15.3
1168    0
1169    3.6
1170    13.4
1171    0
1172    0
1173    3.8
1174    13.1
1175    108.6
1176    0
1177    0.6
1178    0
1179    5.3
1180    0
1181    10.9
1182    0.8
1183    8.6
1184    1.7
1185    0
1186    0
1187    0
1188    30.2
1189    102.1
1190    18.3
1191    0
1192    0
1193    0
1194    0
1195    60.8
1196    14.2
1197    1.5
1198    0
1199    0
1200    0
1201    0
1202    0
1203    0
1204    0
1205    0
1206    0
1207    0
1208    0
1209    0
1210    0
1211    0
1212    0
1213    0
1214    0
1215    1.2
1216    0
1217    0
1218    0
1219    0
1220    2.9
1221    11.6
1222    0
1223    0.5
1224    0
1225    0
1226    0
1227    0
1228    0
1229    0
1230    0
1231    0.2
1232    0
1233    0
1234    3.4
1235    21.1
1236    0
1237    0
1238    0
1239    0
1240    0
1241    0
1242    0.8
1243    0
1244    0
1245    14.5
1246    0
1247    0
1248    15.6
1249    0
1250    0
1251    0
1252    0
1253    0
1254    0
1255    0
1256    0
1257    0
1258    0.6
1259    0
1260    0
1261    0
1262    1.8
1263    3.1
1264    0.9
1265    0
1266    4.6
1267    18.4
1268    21.6
1269    0
1270    3.8
1271    18.2
1272    0.2
1273    3.3
1274    0
1275    10.8
1276    5.5
1277    1.4
1278    0
1279    0
1280    1.2
1281    0
1282    0
1283    0
1284    0
1285    1.3
1286    2.4
1287    0
1288    0
1289    0
1290    0
1291    0.6
1292    3.3
1293    0
1294    0
1295    0
1296    6.3
1297    9.2
1298    10.4
1299    21.3
1300    0
1301    1.9
1302    0
1303    0
1304    0
1305    0
1306    0
1307    0
1308    0
1309    0
1310    0
1311    22.3
1312    0
1313    12.3
1314    1.2
1315    0
1316    0
1317    20.6
1318    8.4
1319    0
1320    0
1321    11.2
1322    0.8
1323    0
1324    0
1325    0
1326    6.9
1327    2.8
1328    0
1329    0
1330    0
1331    2.6
1332    6.1
1333    21.2
1334    13.1
1335    0.2
1336    0
1337    0
1338    0
1339    0
1340    0.9
1341    3.1
1342    3
1343    0
1344    0
1345    3.8
1346    0
1347    0
1348    0
1349    0
1350    0
1351    0
1352    0
1353    0
1354    4.8
1355    17.2
1356    17.8
1357    0
1358    11.2
1359    31.6
1360    28.2
1361    14.3
1362    12.9
1363    0
1364    0
1365    0
1366    0
1367    9.7
1368    0
1369    1
1370    0.4
1371    1.5
1372    9.7
1373    0
1374    0
1375    0
1376    0
1377    0.5
1378    0
1379    0
1380    0.4
1381    0.2
1382    0
1383    1.6
1384    0.8
1385    4.8
1386    5.8
1387    0.8
1388    0.2
1389    0
1390    0
1391    1.1
1392    16.1
1393    15.3
1394    3.6
1395    11.8
1396    0
1397    0
1398    0
1399    0.2
1400    5
1401    15.4
1402    0.3
1403    3.7
1404    0.2
1405    0
1406    0
1407    3.1
1408    0.2
1409    0
1410    0
1411    15.6
1412    0
1413    0
1414    0
1415    0.3
1416    0
1417    0.2
1418    0.2
1419    0
1420    21.8
1421    14.6
1422    1.1
1423    1
1424    13.8
1425    10.6
1426    3.5
1427    0.2
1428    13.8
1429    0
1430    1.2
1431    0.8
1432    1.2
1433    0
1434    1.6
1435    22.6
1436    0.2
1437    0.2
1438    0
1439    31.2
1440    3.4
1441    1.2
1442    0
1443    0
1444    0.2
1445    0.2
1446    1.2
1447    0.2
1448    0
1449    2.2
1450    0.2
1451    0
1452    0
1453    0
1454    0
1455    0
1456    0
1457    2.2
1458    0.3
1459    1.2
1460    21.2
1461    35.1
1462    32.6
1463    0.2
1464    35.6
1465    6.8
1466    0.2
1467    1.2
1468    0
1469    13.4
1470    0
1471    12.8
1472    20
1473    5.8
1474    7.2
1475    0.4
1476    36
1477    0
1478    0
1479    0
1480    0
1481    0
1482    0
1483    53.4
1484    0.2
1485    0
1486    17.8
1487    0
1488    0
1489    0
1490    0
1491    0
1492    3.8
1493    0
1494    0
1495    0
1496    8.4
1497    0.2
1498    0
1499    0
1500    15.8
1501    0.2
1502    0
1503    0
1504    0
1505    28
1506    10.6
1507    0.2
1508    1.2
1509    12.8
1510    2.8
1511    0
1512    0
1513    5
1514    0
1515    40
1516    0
1517    32.6
1518    84.2
1519    5.4
1520    0.8
1521    1.4
1522    0
1523    1.4
1524    71.6
1525    0.3
1526    0.2
1527    0
1528    122.6
1529    0
1530    4.6
1531    37
1532    0.3
1533    37.8
1534    0.2
1535    6.2
1536    0
1537    5.2
1538    33.6
1539    7.8
1540    0
1541    1.2
1542    0
1543    0
1544    0
1545    1.2
1546    10.4
1547    60
1548    0.2
1549    4.4
1550    2.4
1551    9.2
1552    4.6
1553    13.8
1554    8.4
1555    3.8
1556    0.6
1557    0
1558    0
1559    23.2
1560    0
1561    0.3
1562    2.4
1563    0.8
1564    0.3
1565    0
1566    2.2
1567    1.5
1568    0.2
1569    0
1570    24.8
1571    0.5
1572    0
1573    1.4
1574    1.2
1575    0
1576    0
1577    0
1578    1.6
1579    1
1580    0.4
1581    6.2
1582    0.3
1583    0
1584    0
1585    0
1586    1.8
1587    0
1588    0.2
1589    10.6
1590    0.4
1591    2
1592    0
1593    0
1594    7.2
1595    0.2
1596    5
1597    0.2
1598    0
1599    0.2
1600    0
1601    0
1602    17.2
1603    6.8
1604    4.4
1605    0.2
1606    29
1607    8.8
1608    0
1609    0
1610    0.2
1611    0
1612    5
1613    0.2
1614    0.2
1615    0
1616    10.8
1617    37.4
1618    3.2
1619    1.4
1620    45.2
1621    0
1622    0
1623    4.4
1624    1.6
1625    0.4
1626    1
1627    1.4
1628    0
1629    7.8
1630    2.6
1631    0
1632    0
1633    0
1634    0
1635    0
1636    2.4
1637    6
1638    28.4
1639    45.4
1640    47.6
1641    0.4
1642    0
1643    0
1644    0
1645    0
1646    0
1647    0.2
1648    0.2
1649    1.8
1650    0.2
1651    0.4
1652    5.4
1653    1
1654    0.6
1655    14.2
1656    0
1657    0
1658    0
1659    0
1660    0
1661    0
1662    0
1663    0
1664    0
1665    10.8
1666    26
1667    0
1668    0.4
1669    0
1670    0
1671    1.4
1672    0.2
1673    0
1674    10.6
1675    0.2
1676    0
1677    9.6
1678    0
1679    0
1680    0.2
1681    0
1682    0
1683    0
1684    0
1685    17.4
1686    0
1687    0
1688    9.8
1689    17.8
1690    0
1691    0.2
1692    0
1693    0
1694    0
1695    0
1696    0
1697    0
1698    12.2
1699    0
1700    0
1701    0
1702    0
1703    4
1704    18.6
1705    0
1706    18
1707    7.2
1708    5.8
1709    2.6
1710    2.2
1711    0
1712    0
1713    0
1714    0
1715    0
1716    0
1717    0
1718    0
1719    0
1720    0
1721    2.4
1722    18
1723    0
1724    3
1725    0
1726    0
1727    4.2
1728    17
1729    11.8
1730    6.6
1731    0
1732    31.2
1733    4.2
1734    32.6
1735    0
1736    0
1737    0
1738    0
1739    0
1740    0
1741    0
1742    0
1743    0
1744    0
1745    18.2
1746    0
1747    69.8
1748    0.6
1749    0.4
1750    5.4
1751    0
1752    8.8
1753    0
1754    0
1755    0
1756    0
1757    0
1758    2.6
1759    0.6
1760    0.4
1761    0
1762    0
1763    0
1764    0
1765    0
1766    0
1767    6.2
1768    11
1769    3.8
1770    1
1771    6.6
1772    2.4
1773    0
1774    0
1775    0
1776    0
1777    0.4
1778    0
1779    0
1780    0
1781    0
1782    0
1783    0
1784    1.8
1785    1.4
1786    7.4
1787    0
1788    0
1789    0
1790    53.6
1791    3.4
1792    0
1793    4.6
1794    4.2
1795    3.6
1796    0
1797    0
1798    4.2
1799    0
1800    0
1801    0
1802    0
1803    0
1804    5.4
1805    3.4
1806    14.6
1807    12.4
1808    16.4
1809    0
1810    0
1811    0
1812    0
1813    20.6
1814    6
1815    0.6
1816    10.2
1817    2.4
1818    0
1819    0.6
1820    6
1821    69.8
1822    1
1823    23.2
1824    0.6
1825    4.2
1826    2.8
1827    4.2
1828    5.8
1829    0
1830    0
1831    13.2
1832    1
1833    2.2
1834    7.8
1835    7.4
1836    3
1837    23
1838    12.2
1839    0
1840    2.6
1841    27.2
1842    6.6
1843    5.2
1844    20.4
1845    12.8
1846    38.2
1847    8.6
1848    0
1849    0
1850    0
1851    17.8
1852    0
1853    0
1854    11.8
1855    2
1856    2.2
1857    1.6
1858    0.6
1859    5.6
1860    20.8
1861    22
1862    3.8
1863    0
1864    0
1865    0
1866    11.8
1867    0
1868    21.4
1869    6.8
1870    65.2
1871    39.2
1872    0
1873    0
1874    8.8
1875    6.6
1876    4.2
1877    0
1878    0
1879    0
1880    21
1881    2.8
1882    0
1883    8
1884    3.8
1885    0
1886    0
1887    1.2
1888    0
1889    0
1890    17
1891    0
1892    0
1893    5
1894    1
1895    2.2
1896    0
1897    0
1898    0
1899    0
1900    41.2
1901    0
1902    0
1903    0
1904    3.2
1905    0.8
1906    2.6
1907    0
1908    0
1909    0
1910    0
1911    22.8
1912    9.4
1913    25.2
1914    47.6
1915    4.2
1916    0
1917    0
1918    0
1919    0
1920    0
1921    26.2
1922    0
1923    0
1924    0
1925    0.4
1926    0
1927    0
1928    11.8
1929    1
1930    0
1931    1.8
1932    14.4
1933    29.6
1934    0
1935    0
1936    9.8
1937    6.2
1938    21.2
1939    2.2
1940    0
1941    0
1942    0
1943    0
1944    0.6
1945    0.4
1946    0
1947    0
1948    0
1949    16.8
1950    0
1951    0
1952    0
1953    0
1954    0
1955    0
1956    1.2
1957    52.4
1958    4.4
1959    2.2
1960    3.2
1961    0.8
1962    0.6
1963    27.8
1964    5.6
1965    17.6
1966    3.2
1967    2.6
1968    0
1969    0
1970    21.2
1971    3.6
1972    58.6
1973    6.2
1974    0
1975    0
1976    0
1977    0
1978    0
1979    0
1980    0
1981    0
1982    0
1983    0
1984    0
1985    0
1986    0
1987    0
1988    5.2
1989    1
1990    45.2
1991    37.4
1992    0
1993    0
1994    4.2
1995    11.6
1996    0
1997    0
1998    0
1999    0
2000    0
2001    0
2002    2
2003    0
2004    0
2005    0
2006    0
2007    0
2008    0
2009    0
2010    2.2
2011    0
2012    0
2013    11.4
2014    18.2
2015    29.4
2016    0
2017    1.6
2018    0.6
2019    0.4
2020    5.4
2021    21.6
2022    4.2
2023    26.2
2024    0
2025    0
2026    0
2027    21
2028    0
2029    0
2030    102.2
2031    7.8
2032    0
2033    0
2034    0
2035    0
2036    0
2037    0
2038    0
2039    0
2040    0
2041    0
2042    0
2043    0
2044    0
2045    0
2046    0
2047    0
2048    0
2049    0
2050    0
2051    0
2052    0
2053    0
2054    0
2055    0
2056    10.8
2057    0
2058    0
2059    12.2
2060    0
2061    0
2062    1.2
2063    21.4
2064    29.4
2065    0
2066    0
2067    0
2068    0
2069    0
2070    4
2071    0
2072    1
2073    4.8
2074    8
2075    9.2
2076    16.8
2077    0
2078    0
2079    60.4
2080    0
2081    0
2082    0
2083    0
2084    0
2085    33.2
2086    25.6
2087    5.4
2088    5.2
2089    0
2090    0
2091    0
2092    0
2093    15.6
2094    7
2095    67.4
2096    27.4
2097    0
2098    0
2099    0
2100    5.8
2101    15.8
2102    1.4
2103    0.8
2104    0
2105    7.4
2106    3.4
2107    26.6
2108    31.2
2109    24
2110    7.6
2111    3.2
2112    24.8
2113    2.6
2114    11.6
2115    34.2
2116    0
2117    0
2118    0.6
2119    10
2120    63.8
2121    9.6
2122    0
2123    0
2124    1
2125    10
2126    22.8
2127    15.6
2128    5.2
2129    8.6
2130    23.4
2131    2.4
2132    5.6
2133    13.8
2134    23
2135    2.4
2136    0
2137    6.8
2138    2.8
2139    0
2140    0
2141    5.2
2142    0.4
2143    3.2
2144    0
2145    0
2146    3.8
2147    57.4
2148    6.6
2149    3.2
2150    0
2151    0
2152    0.6
2153    1.2
2154    0.6
2155    4.2
2156    20.2
2157    5.2
2158    25
2159    0
2160    0
2161    0.6
2162    2.4
2163    24.4
2164    0.6
2165    4
2166    0
2167    0
2168    0
2169    0.8
2170    12.4
2171    0
2172    2
2173    2.8
2174    18.8
2175    0.6
2176    0.6
2177    0
2178    11
2179    8
2180    4.8
2181    1
2182    0
2183    10.6
2184    4.2
2185    8.6
2186    12.2
2187    1.4
2188    29.4
2189    17.2
2190    7
2191    10.8
2192    2.6
2193    12.4
2194    3.4
2195    19.2
2196    4.8
2197    1.6
2198    5.8
2199    0
2200    0
2201    33.6
2202    2.6
2203    0
2204    0
2205    9.2
2206    1.4
2207    0
2208    0
2209    0
2210    0
2211    0
2212    0
2213    0
2214    0
2215    0
2216    0
2217    20.6
2218    0.8
2219    136.2
2220    0
2221    32.1
2222    8
2223    19.1
2224    2.6
2225    9.8
2226    0
2227    3.4
2228    0
2229    0
2230    0
2231    0
2232    10.2
2233    0
2234    0
2235    1.2
2236    16.2
2237    0
2238    13.2
2239    0
2240    1.4
2241    0
2242    17.2
2243    19.4
2244    0
2245    3.2
2246    0
2247    13.6
2248    0
2249    21.8
2250    0
2251    0
2252    0
2253    55.2
2254    44.8
2255    0
2256    0
2257    0
2258    0
2259    0
2260    82
2261    17.8
2262    18.6
2263    0.8
2264    0
2265    0
2266    0
2267    0
2268    0
2269    0
2270    0
2271    0
2272    2.2
2273    0
2274    0
2275    7.6
2276    85.6
2277    1
2278    0
2279    0
2280    0
2281    0
2282    47.2
2283    0
2284    0
2285    2.6
2286    0
2287    0
2288    0
2289    0
2290    1.6
2291    2.4
2292    36.6
2293    4
2294    3.6
2295    12.4
2296    0
2297    0
2298    0
2299    0
2300    0
2301    0
2302    0
2303    8.4
2304    28.2
2305    0
2306    0
2307    0
2308    29.4
2309    0
2310    0
2311    0
2312    0
2313    0
2314    0
2315    0
2316    0
2317    0
2318    10.4
2319    0
2320    0
2321    0
2322    0
2323    0
2324    0.6
2325    0.4
2326    0
2327    18.6
2328    0
2329    0
2330    0
2331    0
2332    17.4
2333    12.6
2334    1.6
2335    0
2336    0
2337    1.2
2338    0.4
2339    0
2340    5.4
2341    7.6
2342    0
2343    0
2344    6.2
2345    0
2346    0
2347    0
2348    0
2349    0
2350    0
2351    0
2352    0
2353    0
2354    0
2355    0
2356    0
2357    0
2358    0
2359    17.2
2360    4
2361    0.2
2362    0
2363    0
2364    1.8
2365    6.8
2366    0
2367    0
2368    0
2369    0
2370    0
2371    0.4
2372    0
2373    0
2374    0
2375    0
2376    0
2377    0
2378    0
2379    0
2380    0
2381    0
2382    0
2383    0
2384    0
2385    0
2386    43.2
2387    44
2388    39.2
2389    1
2390    0
2391    0
2392    0
2393    0
2394    0
2395    0
2396    0
2397    0
2398    0
2399    3
2400    0
2401    0
2402    0
2403    0
2404    0
2405    0
2406    3.8
2407    0
2408    0
2409    0
2410    3.8
2411    2.4
2412    2.6
2413    0.8
2414    0
2415    0
2416    0
2417    0
2418    12.4
2419    0
2420    0
2421    2
2422    5.4
2423    34.2
2424    9
2425    10.4
2426    0
2427    0
2428    0
2429    0
2430    0
2431    0
2432    0
2433    2.8
2434    3
2435    0
2436    0
2437    0
2438    50.6
2439    14
2440    20.2
2441    0
2442    0
2443    0
2444    0
2445    0
2446    0
2447    0
2448    0
2449    0
2450    0
2451    0
2452    0
2453    6
2454    0
2455    0
2456    0
2457    0.6
2458    0
2459    0
2460    0
2461    0
2462    0
2463    0
2464    0
2465    0
2466    0.4
2467    0
2468    2.8
2469    3
2470    15.6
2471    8.4
2472    0
2473    0
2474    0
2475    0
2476    2.2
2477    2
2478    18.8
2479    0
2480    1.6
2481    5.2
2482    16.2
2483    2.2
2484    17.8
2485    0
2486    0
2487    0
2488    0
2489    4.6
2490    84.6
2491    10.4
2492    0
2493    0
2494    0
2495    0
2496    0
2497    0
2498    0
2499    0
2500    0
2501    0
2502    0
2503    0
2504    0
2505    8.2
2506    0
2507    5.6
2508    0
2509    0
2510    0
2511    9.2
2512    12.6
2513    12
2514    0
2515    0
2516    0
2517    0
2518    0
2519    0.2
2520    0
2521    1.2
2522    0
2523    1.8
2524    2
2525    2.2
2526    0
2527    3.2
2528    0
2529    81.8
2530    0.4
2531    0.2
2532    0
2533    0
2534    11.6
2535    7.6
2536    1.4
2537    14.2
2538    10.4
2539    6.6
2540    0
2541    0.6
2542    34
2543    4.2
2544    0
2545    11.4
2546    41.2
2547    0.4
2548    14.8
2549    5
2550    30.4
2551    0.4
2552    6.2
2553    2.6
2554    6
2555    26.8
2556    7.4
2557    22.4
2558    17.8
2559    0.4
2560    0.6
2561    24.6
2562    12.2
2563    0
2564    0
2565    4
2566    0.4
2567    6.4
2568    9.8
2569    0
2570    0
2571    0
2572    0
2573    0
2574    24.2
2575    2.4
2576    0
2577    0
2578    0
2579    0.8
2580    1.4
2581    27
2582    17.4
2583    17
2584    0
2585    4.8
2586    1.4
2587    62.4
2588    15
2589    17.8
2590    10.8
2591    0
2592    0
2593    3.4
2594    0
2595    0
2596    0
2597    5
2598    1.4
2599    165.6
2600    10.4
2601    8.6
2602    7.4
2603    0
2604    0
2605    3
2606    0
2607    0
2608    0
2609    0
2610    0
2611    1.4
2612    0
2613    0
2614    0
2615    0
2616    0
2617    0
2618    0
2619    5
2620    0.8
2621    3.4
2622    0
2623    15.8
2624    21.8
2625    2.8
2626    11.2
2627    0
2628    15.6
2629    0
2630    0
2631    3.4
2632    0
2633    0
2634    0
2635    4.4
2636    3
2637    5
2638    5.2
2639    21.8
2640    12.2
2641    1.4
2642    5.4
2643    1.6
2644    9.2
2645    0.4
2646    2
2647    2.4
2648    3.2
2649    18.2
2650    5.2
2651    2.8
2652    5.2
2653    0
2654    16.2
2655    17.6
2656    14.6
2657    9.4
2658    5.4
2659    0
2660    0
2661    0
2662    26.4
2663    0.8
2664    1.2
2665    6.4
2666    1.8
2667    3.2
2668    0.4
2669    0
2670    0
2671    2.6
2672    20.4
2673    0
2674    0
2675    0
2676    0
2677    0
2678    0
2679    0.6
2680    0
2681    17.2
2682    0
2683    0
2684    1.8
2685    0
2686    0
2687    0
2688    0
2689    0
2690    2.8
2691    0
2692    0
2693    0
2694    6.8
2695    42.2
2696    32.8
2697    44.2
2698    2
2699    0
2700    24.2
2701    0.4
2702    0
2703    12
2704    47.8
2705    12.6
2706    6.2
2707    22
2708    70.4
2709    0.4
2710    0
2711    0
2712    78
2713    12
2714    1.2
2715    3.2
2716    0
2717    0
2718    0
2719    0
2720    0
2721    0
2722    0
2723    0
2724    0
2725    0
2726    0
2727    7.8
2728    0
2729    0
2730    0.8
2731    1.8
2732    0
2733    0
2734    0
2735    0
2736    0
2737    0
2738    0
2739    0
2740    0
2741    0.8
2742    1.2
2743    0
2744    0
2745    0
2746    0
2747    0
2748    0
2749    0
2750    0
2751    0
2752    0
2753    0
2754    0
2755    8.6
2756    0
2757    0
2758    0
2759    0
2760    0
2761    0
2762    0
2763    0
2764    0
2765    0
2766    0
2767    0
2768    0
2769    0
2770    0
2771    20.8
2772    21.6
2773    0
2774    0
2775    0
2776    0
2777    9.4
2778    0
2779    6.2
2780    11
2781    2.2
2782    28.4
2783    0
2784    0
2785    0
2786    0
2787    0
2788    16.6
2789    0.2
2790    0
2791    6
2792    4.2
2793    0
2794    0
2795    0
2796    0
2797    0
2798    0
2799    0
2800    0
2801    0
2802    0
2803    0
2804    0
2805    0
2806    0
2807    0
2808    0
2809    0
2810    0
2811    0
2812    0
2813    0
2814    0
2815    0
2816    0
2817    1.6
2818    0
2819    0
2820    0
2821    0
2822    0
2823    2.6
2824    1.4
2825    0
2826    0
2827    6.2
2828    0
2829    76.4
2830    23.2
2831    27.8
2832    0
2833    0
2834    0
2835    0
2836    14.8
2837    0
2838    15
2839    0
2840    0
2841    3.8
2842    7.4
2843    12.4
2844    1.8
2845    0
2846    0
2847    0
2848    0
2849    0
2850    0
2851    7.2
2852    0
2853    0
2854    0
2855    25.2
2856    2
2857    0
2858    0
2859    0
2860    0
2861    0
2862    0
2863    0
2864    0
2865    14
2866    0
2867    6.4
2868    4.2
2869    11.8
2870    1
2871    28
2872    0
2873    0
2874    0
2875    0
2876    0
2877    20.4
2878    29.6
2879    17.4
2880    0
2881    0
2882    0
2883    0
2884    0
2885    0
2886    3.4
2887    0
2888    0
2889    0
2890    63.4
2891    0.4
2892    10
2893    0
2894    0
2895    12.8
2896    14.8
2897    8
2898    22.8
2899    0
2900    0
2901    2
2902    0
2903    0
2904    0
2905    0
2906    0
2907    0
2908    1.4
2909    2.6
2910    3.4
2911    28.2
2912    0
2913    0
2914    48.2
2915    15.2
2916    0
2917    0
2918    1
2919    5.8
2920    17.8
2921    8.2
2922    0
2923    5.2
2924    29.2
2925    0
2926    0
2927    0
2928    2.2
2929    0
2930    0
2931    32
2932    148
2933    14.2
2934    42.2
2935    0.8
2936    30.4
2937    0
2938    42.8
2939    14.8
2940    7
2941    0
2942    1
2943    7.6
2944    16.6
2945    47.8
2946    10.4
2947    0
2948    0.6
2949    0.4
2950    0.4
2951    0
2952    1
2953    0.8
2954    0
2955    0
2956    1.2
2957    1
2958    0
2959    0
2960    0
2961    0
2962    12.8
2963    39.4
2964    22.4
2965    0
2966    0
2967    0
2968    1.6
2969    0
2970    0
2971    0.8
2972    27.2
2973    0.8
2974    6
2975    2.2
2976    4.6
2977    1
2978    0
2979    1
2980    19.2
2981    1.6
2982    64
2983    0.8
2984    3.6
2985    28.6
2986    0.4
2987    1.4
2988    0
2989    0
2990    0.6
2991    6.2
2992    0
2993    7.8
2994    0
2995    1.2
2996    0
2997    0
2998    0
2999    0
3000    2.2
3001    9
3002    0
3003    0
3004    3.2
3005    8.6
3006    9.6
3007    17.8
3008    0
3009    6.4
3010    63.2
3011    14.4
3012    30.6
3013    0
3014    0
3015    5.2
3016    9.2
3017    15.4
3018    0
3019    0
3020    0
3021    0
3022    0
3023    0
3024    0
3025    1
3026    0
3027    1.6
3028    2.2
3029    9
3030    0
3031    0
3032    0
3033    0
3034    0
3035    0
3036    0
3037    0
3038    0
3039    0
3040    0
3041    0
3042    0
3043    1.4
3044    2.2
3045    0.6
3046    8.4
3047    1.8
3048    12.6
3049    0.4
3050    0
3051    2.2
3052    0
3053    0
3054    0
3055    0
3056    0
3057    12.2
3058    0
3059    0
3060    25
3061    11
3062    0
3063    0
3064    0
3065    0
3066    0
3067    0
3068    0
3069    0
3070    0
3071    6
3072    0
3073    0
3074    0.6
3075    3.6
3076    0
3077    4.8
3078    9
3079    0
3080    0
3081    0
3082    0
3083    0
3084    1
3085    58.4
3086    0
3087    0.4
3088    0
3089    0
3090    0
3091    0
3092    0
3093    0
3094    0
3095    0
3096    0
3097    6.8
3098    4.4
3099    0
3100    0
3101    0
3102    0
3103    0
3104    0
3105    0.6
3106    11.8
3107    12.6
3108    0
3109    0
3110    0
3111    0
3112    0
3113    0
3114    0
3115    0
3116    0
3117    0
3118    0
3119    26.2
3120    0
3121    0
3122    0
3123    0
3124    0
3125    0
3126    0
3127    2.2
3128    26.8
3129    5.2
3130    0
3131    2
3132    0
3133    0
3134    0
3135    0
3136    8.4
3137    0
3138    0
3139    0
3140    0
3141    0
3142    6
3143    0
3144    0
3145    0
3146    0
3147    0
3148    0
3149    0
3150    0
3151    0
3152    0
3153    0
3154    12.6
3155    14.1
3156    3.8
3157    0
3158    17.6
3159    0
3160    0
3161    0
3162    0
3163    0
3164    0
3165    18.8
3166    14.6
3167    18.4
3168    37.2
3169    0
3170    0
3171    0
3172    0
3173    0
3174    0
3175    3.4
3176    1.6
3177    12.8
3178    0
3179    3.2
3180    8.2
3181    4.6
3182    22.4
3183    0
3184    0
3185    0
3186    0
3187    0
3188    0
3189    0
3190    0
3191    0.8
3192    0.6
3193    5.8
3194    0.6
3195    0
3196    7.8
3197    13.2
3198    8.4
3199    0
3200    0
3201    0
3202    0.4
3203    3.8
3204    3.2
3205    0
3206    0
3207    1
3208    3.2
3209    0.6
3210    0.4
3211    5
3212    2.2
3213    0
3214    0
3215    0
3216    0
3217    0.4
3218    1
3219    7.2
3220    21.2
3221    26.6
3222    0
3223    0
3224    0
3225    0
3226    25.2
3227    1
3228    0
3229    19
3230    0
3231    0
3232    0
3233    1
3234    4.2
3235    15.8
3236    6
3237    0
3238    3.2
3239    0
3240    0
3241    0
3242    0
3243    0
3244    19.8
3245    0
3246    0
3247    1.8
3248    0.2
3249    2.6
3250    17
3251    0
3252    0
3253    8.8
3254    9.8
3255    6.8
3256    32.8
3257    19.4
3258    0
3259    0
3260    0
3261    0
3262    0
3263    0
3264    0
3265    0
3266    0
3267    0
3268    2.2
3269    0
3270    19.2
3271    7.2
3272    0
3273    0
3274    5.6
3275    3.2
3276    8.4
3277    28.6
3278    27.4
3279    0
3280    0.8
3281    0
3282    4
3283    0
3284    0
3285    1.4
3286    0
3287    0
3288    0
3289    0
3290    8.6
3291    2
3292    0
3293    0
3294    2
3295    1
3296    0
3297    6.8
3298    0
3299    4
3300    9.4
3301    10.2
3302    7.4
3303    41.6
3304    11.6
3305    1.6
3306    7.8
3307    0
3308    0
3309    0.8
3310    4.8
3311    12.2
3312    1.4
3313    9.4
3314    0
3315    0
3316    0.8
3317    0
3318    8.2
3319    34.8
3320    19.2
3321    3.4
3322    0
3323    0
3324    0
3325    0
3326    0
3327    0
3328    0
3329    0
3330    0
3331    0
3332    0
3333    8.8
3334    14.2
3335    119.4
3336    1.6
3337    2.4
3338    0
3339    0
3340    0
3341    0
3342    19.6
3343    16.2
3344    0
3345    0
3346    0
3347    0
3348    0
3349    1.2
3350    0
3351    0
3352    2.2
3353    0
3354    44.8
3355    2.2
3356    0
3357    0.6
3358    15
3359    0
3360    11.6
3361    0
3362    0
3363    0
3364    3.4
3365    4.8
3366    0
3367    0
3368    4.2
3369    0.2
3370    0
3371    0
3372    0
3373    9.8
3374    1.8
3375    0
3376    0
3377    0
3378    0
3379    0
3380    0
3381    0
3382    0.6
3383    26.6
3384    18.4
3385    0
3386    0
3387    0
3388    0
3389    0
3390    0
3391    2
3392    0
3393    14.2
3394    0
3395    0
3396    0
3397    0
3398    1
3399    0.8
3400    0
3401    7.8
3402    0
3403    0
3404    1.2
3405    2.4
3406    0
3407    0
3408    0
3409    0
3410    0
3411    0
3412    0
3413    4.4
3414    0
3415    1
3416    2.2
3417    0.6
3418    23.8
3419    0
3420    25
3421    0
3422    6.8
3423    0
3424    16
3425    11.2
3426    0
3427    0
3428    0
3429    8.2
3430    3.6
3431    13.4
3432    0
3433    0
3434    8.6
3435    3.8
3436    16.6
3437    47.4
3438    0
3439    7
3440    6.2
3441    1.6
3442    0
3443    0
3444    0.6
3445    0
3446    0
3447    0
3448    0
3449    0
3450    0
3451    0
3452    0
3453    0
3454    0
3455    0
3456    0
3457    0
3458    0
3459    0
3460    0
3461    0
3462    0
3463    2.8
3464    14.4
3465    0
3466    0
3467    0
3468    1
3469    21.8
3470    6.4
3471    0.4
3472    0
3473    0
3474    0
3475    0
3476    0
3477    0
3478    0
3479    0
3480    0
3481    0
3482    7.8
3483    3.4
3484    0
3485    1.8
3486    1.2
3487    0
3488    0
3489    0
3490    0
3491    0
3492    0
3493    0
3494    0
3495    2.2
3496    0
3497    0
3498    0
3499    0
3500    0
3501    0
3502    0
3503    0
3504    0
3505    0
3506    0
3507    0
3508    0
3509    0
3510    0
3511    0.4
3512    0
3513    0
3514    0
3515    0
3516    0
3517    13.6
3518    0
3519    0
3520    0
3521    1.2
3522    0
3523    0
3524    1
3525    0
3526    1.8
3527    0
3528    0
3529    0
3530    8.2
3531    0.6
3532    0
3533    0
3534    0
3535    0
3536    10.8
3537    0
3538    0
3539    0
3540    0
3541    0
3542    0
3543    0
3544    0
3545    0
3546    0
3547    2.4
3548    7.2
3549    11
3550    1.8
3551    0
3552    0
3553    0
3554    0
3555    0
3556    0
3557    0
3558    0
3559    2.4
3560    2.4
3561    0
3562    0
3563    0
3564    0
3565    8.8
3566    3.4
3567    0
3568    0
3569    0
3570    0
3571    0
3572    0
3573    15.6
3574    2.4
3575    2.2
3576    23.6
3577    10.8
3578    0.6
3579    0
3580    0
3581    1.8
3582    0
3583    0
3584    5.4
3585    0.6
3586    2
3587    16.2
3588    3.2
3589    4.4
3590    5.2
3591    0.6
3592    7.4
3593    1.2
3594    4.4
3595    22.8
3596    1.6
3597    0
3598    1.6
3599    0
3600    6.2
3601    31
3602    1
3603    14.6
3604    43.6
3605    19.6
3606    0
3607    0
3608    0
3609    0
3610    0
3611    0
3612    0
3613    0
3614    0
3615    0
3616    0
3617    9.4
3618    0.6
3619    0
3620    0
3621    0
3622    0
3623    0
3624    0
3625    0
3626    14.6
3627    0
3628    0
3629    0
3630    0
3631    0
3632    0
3633    14.8
3634    0
3635    1.4
3636    2.2
3637    9.2
3638    17.2
3639    0
3640    0
3641    0
3642    4.8
3643    0
3644    0
3645    0
3646    0
3647    0
3648    0
3649    0
3650    0
3651    0
3652    0
3653    22.6
3654    0
3655    6.8
3656    9
3657    0
3658    2.4
3659    2.2
3660    0
3661    0
3662    36.6
3663    0
3664    0
3665    0
3666    0
3667    2
3668    0
3669    0
3670    0
3671    0
3672    0
3673    0.4
3674    16.8
3675    24.4
3676    0
3677    0
3678    0
3679    47
3680    0
3681    0
3682    0
3683    2
3684    0
3685    0
3686    1.6
3687    23.6
3688    14.2
3689    52.8
3690    38.4
3691    4.8
3692    17.2
3693    0
3694    8.4
3695    54.2
3696    0
3697    0
3698    0
3699    0.4
3700    0
3701    20.6
3702    3
3703    0
3704    0
3705    0
3706    0
3707    0
3708    21.2
3709    24.4
3710    0
3711    0
3712    0
3713    17.6
3714    15
3715    2.2
3716    0
3717    0
3718    0
3719    2.8
3720    0
3721    0
3722    0
3723    0
3724    0
3725    0
3726    0
3727    0
3728    2
3729    0.8
3730    0.6
3731    0
3732    0
3733    2.6
3734    0.8
3735    0
3736    0
3737    0
3738    1.4
3739    1
3740    0
3741    0
3742    0
3743    0.8
3744    0
3745    0
3746    0
3747    0
3748    0
3749    5.6
3750    0
3751    0
3752    0
3753    0
3754    0
3755    0
3756    0
3757    0
3758    0
3759    0
3760    0
3761    0
3762    0
3763    0
3764    0
3765    0
3766    0
3767    0
3768    0
3769    0
3770    0
3771    2
3772    0.4
3773    0
3774    0
3775    0
3776    0
3777    0
3778    0
3779    0
3780    1
3781    0
3782    0
3783    0
3784    0
3785    0.8
3786    1.8
3787    0
3788    0
3789    0
3790    0
3791    0
3792    0
3793    0
3794    2.6
3795    0.6
3796    0
3797    0
3798    0
3799    0
3800    0
3801    0
3802    0
3803    0
3804    0
3805    1
3806    0
3807    0
3808    2.4
3809    61.8
3810    0
3811    0
3812    0
3813    17.4
3814    14.4
3815    0
3816    0
3817    0
3818    0
3819    0
3820    3.4
3821    1.2
3822    0
3823    0
3824    0
3825    0
3826    0
3827    0
3828    0
3829    5.8
3830    1.8
3831    4.2
3832    0
3833    13.2
3834    8.6
3835    0
3836    0
3837    0
3838    0
3839    3
3840    11.4
3841    13.4
3842    7
3843    0
3844    0
3845    22.2
3846    0.4
3847    5
3848    0
3849    0
3850    20.2
3851    0
3852    0
3853    0
3854    0
3855    0
3856    0
3857    0
3858    0
3859    0
3860    0
3861    0.4
3862    10.6
3863    0
3864    0.4
3865    0.6
3866    0
3867    0
3868    0
3869    0
3870    0
3871    0
3872    0
3873    0
3874    0
3875    0
3876    0
3877    28.2
3878    16
3879    76.6
3880    1.6
3881    8.6
3882    1
3883    0.8
3884    9.4
3885    1.4
3886    0
3887    0
3888    1
3889    0
3890    0
3891    0
3892    0
3893    0
3894    0
3895    0
3896    0.6
3897    4.2
3898    0
3899    6.8
3900    0.4
3901    0
3902    3.8
3903    45.2
3904    17.5
3905    13.8
3906    0
3907    0
3908    0
3909    0
3910    0
3911    0
3912    7.8
3913    2
3914    0
3915    0
3916    0
3917    0
3918    0
3919    0
3920    0
3921    0
3922    0
3923    15.8
3924    3.6
3925    0
3926    13.6
3927    0
3928    0
3929    10.2
3930    14.2
3931    2.4
3932    0
3933    10.4
3934    1.2
3935    8.4
3936    0.6
3937    0
3938    0
3939    0
3940    0
3941    0
3942    0
3943    0
3944    1.2
3945    0
3946    0
3947    3.6
3948    26.4
3949    2.4
3950    0
3951    2.8
3952    7.6
3953    8.2
3954    0
3955    11.6
3956    0
3957    0
3958    0
3959    0
3960    4.4
3961    0
3962    0
3963    0
3964    0
3965    6
3966    18
3967    2.8
3968    8
3969    10.8
3970    2.4
3971    1.2
3972    26.2
3973    0
3974    4.2
3975    0.6
3976    11
3977    0
3978    0
3979    0
3980    0
3981    0
3982    0
3983    0
3984    5.6
3985    0
3986    0
3987    41.8
3988    4.4
3989    52
3990    0
3991    0
3992    10.6
3993    37.6
3994    5.4
3995    0
3996    0.8
3997    1.2
3998    0
3999    13
4000    20
4001    21.4
4002    17
4003    38.4
4004    2.4
4005    3.4
4006    0
4007    0
4008    1.8
4009    0
4010    17
4011    13.2
4012    2.2
4013    5
4014    13.4
4015    6.6
4016    4
4017    0
4018    6.6
4019    0
4020    0
4021    13.8
4022    0
4023    7.8
4024    34.8
4025    14.6
4026    7.2
4027    0
4028    10
4029    1.6
4030    19.6
4031    0
4032    8.6
4033    13.8
4034    33.4
4035    13.4
4036    0
4037    18
4038    24.6
4039    18.4
4040    35.6
4041    12.2
4042    81
4043    4.8
4044    5.6
4045    4
4046    40.2
4047    20.4
4048    0
4049    2
4050    26.8
4051    0.6
4052    3.2
4053    0
4054    0
4055    0
4056    0
4057    0
4058    0
4059    0
4060    15
4061    30.4
4062    4
4063    27.4
4064    22.8
4065    27.2
4066    3
4067    0
4068    8
4069    0
4070    0
4071    0
4072    12
4073    24.8
4074    31.6
4075    22.6
4076    35
4077    22
4078    15.8
4079    61
4080    36.6
4081    9.8
4082    20
4083    6.8
4084    0.6
4085    27.2
4086    0.8
4087    0
4088    0
4089    0.6
4090    4.8
4091    0
4092    12.8
4093    0
4094    4.8
4095    0
4096    0
4097    0
4098    0
4099    3
4100    11.4
4101    0
4102    0
4103    0
4104    1.2
4105    12
4106    9.2
4107    0
4108    0
4109    0
4110    6.4
4111    0
4112    0.4
4113    12.6
4114    0
4115    34.2
4116    13.4
4117    0
4118    0
4119    0
4120    0
4121    0
4122    0
4123    0
4124    0
4125    3
4126    1.2
4127    2
4128    6
4129    55.2
4130    0
4131    0
4132    0
4133    0
4134    0
4135    0
4136    0
4137    0
4138    0
4139    0
4140    0
4141    0
4142    0
4143    17.2
4144    19.6
4145    0
4146    0
4147    10
4148    1.6
4149    14.2
4150    1.4
4151    0
4152    0
4153    0
4154    0
4155    0
4156    0
4157    0
4158    0
4159    18.2
4160    0
4161    0
4162    0
4163    0
4164    0
4165    0
4166    28.8
4167    0
4168    0
4169    0
4170    0
4171    0
4172    0
4173    0
4174    14.8
4175    4.2
4176    79.6
4177    5
4178    6.8
4179    0
4180    0
4181    0
4182    0
4183    0
4184    0
4185    0
4186    0
4187    3.6
4188    92.6
4189    0.6
4190    1.4
4191    0
4192    0.6
4193    0.8
4194    16.4
4195    0
4196    28.2
4197    36
4198    0
4199    0
4200    0
4201    0
4202    0
4203    0
4204    0
4205    4.8
4206    0
4207    0
4208    0
4209    0
4210    0
4211    0
4212    0
4213    0
4214    4.4
4215    1.8
4216    0
4217    0
4218    0
4219    0
4220    0
4221    0
4222    0
4223    0
4224    0
4225    0
4226    12.8
4227    0
4228    0
4229    0
4230    0
4231    0
4232    0
4233    0
4234    5.6
4235    5.2
4236    3.6
4237    1.2
4238    0
4239    0
4240    16.2
4241    0
4242    0.8
4243    8.8
4244    0.6
4245    0
4246    0
4247    0
4248    0
4249    0
4250    0
4251    0
4252    0
4253    0
4254    3.2
4255    0.6
4256    1.6
4257    0
4258    1.2
4259    0
4260    6.6
4261    0
4262    0
4263    0
4264    2.4
4265    5.2
4266    1.8
4267    5.2
4268    54.4
4269    15.8
4270    0
4271    0
4272    0
4273    0
4274    13.8
4275    4
4276    0
4277    4.8
4278    41.4
4279    0
4280    0.8
4281    0.6
4282    0
4283    0
4284    0.6
4285    1
4286    0
4287    0
4288    0
4289    32.2
4290    0
4291    38.6
4292    0
4293    0
4294    0
4295    1.8
4296    0
4297    22.4
4298    0
4299    24.6
4300    13.2
4301    5.6
4302    77.2
4303    71.4
4304    3.2
4305    0
4306    9.4
4307    0
4308    10.8
4309    0.6
4310    0.4
4311    5.2
4312    0
4313    0
4314    2.4
4315    0
4316    0
4317    0
4318    0
4319    0
4320    21.8
4321    35.6
4322    29.6
4323    8.2
4324    1.4
4325    0.4
4326    1.6
4327    2
4328    13.2
4329    0
4330    0.8
4331    0
4332    0
4333    1
4334    4.2
4335    0.8
4336    0
4337    0.4
4338    0
4339    13.2
4340    46.8
4341    0
4342    0
4343    0
4344    0
4345    0
4346    0
4347    9.8
4348    0.4
4349    0
4350    0
4351    0
4352    0
4353    0
4354    0
4355    6.4
4356    0.4
4357    62.8
4358    39
4359    0.6
4360    0
4361    0
4362    0
4363    5.2
4364    13
4365    0.6
4366    14.2
4367    1.4
4368    0
4369    4.2
4370    0.8
4371    0
4372    0
4373    3.4
4374    0.6
4375    0
4376    0
4377    0
4378    5.6
4379    0
4380    0
4381    1.2
4382    0.8
4383    0
4384    0
4385    0
4386    0
4387    11.8
4388    43.4
4389    0
4390    0
4391    1.4
4392    0.4
4393    0
4394    0
4395    0
4396    0
4397    0
4398    4.6
4399    3.6
4400    0
4401    0
4402    0
4403    0
4404    0
4405    0
4406    0
4407    0
4408    1.4
4409    0
4410    5
4411    9.2
4412    0
4413    0
4414    6.8
4415    13.2
4416    4.6
4417    3.6
4418    2
4419    12.4
4420    0
4421    0
4422    0
4423    0.6
4424    2
4425    0
4426    0
4427    19.6
4428    0
4429    0
4430    0
4431    1.4
4432    2.4
4433    0
4434    0
4435    6.2
4436    17.6
4437    0
4438    0
4439    0
4440    0
4441    0
4442    21.2
4443    0
4444    21.6
4445    2
4446    0
4447    0
4448    15.2
4449    14.6
4450    0
4451    0
4452    34.2
4453    4.4
4454    8
4455    8.6
4456    0
4457    9.6
4458    6.2
4459    0
4460    37.2
4461    0.8
4462    0
4463    3.4
4464    2.4
4465    1.8
4466    2.4
4467    0
4468    0
4469    0
4470    0
4471    0
4472    22.2
4473    0
4474    0
4475    2.2
4476    10.6
4477    1.2
4478    0
4479    0
4480    0
4481    5
4482    0
4483    21.6
4484    4.8
4485    6
4486    0.8
4487    0
4488    0
4489    0
4490    0
4491    0
4492    0
4493    0
4494    0
4495    1.4
4496    0
4497    0
4498    0
4499    0
4500    0
4501    12.6
4502    0
4503    1.8
4504    21.6
4505    74.6
4506    91.4
4507    35.2
4508    0
4509    0
4510    0
4511    0
4512    0
4513    3.2
4514    2.6
4515    0
4516    0
4517    0
4518    6.2
4519    0
4520    0
4521    0
4522    0
4523    0
4524    0
4525    0
4526    0
4527    0
4528    0
4529    0
4530    0
4531    2.2
4532    28
4533    0
4534    1.2
4535    0
4536    0
4537    0
4538    1.6
4539    27.6
4540    9.8
4541    3.2
4542    0
4543    0
4544    0
4545    0
4546    0
4547    0
4548    0
4549    0
4550    0
4551    8.6
4552    0
4553    0
4554    0
4555    20.4
4556    14.6
4557    16.8
4558    1.8
4559    0
4560    0
4561    0
4562    0
4563    0
<EndTimeSerie>