SERIE_INITIAL_DATA   : 2010.  1.  1.  0.  0.  0.0
TIME_UNITS : DAYS
!DAYS PRECIPITACAO
<BeginTimeSerie>
0    0
1    0
2    0
3    0
4    60.2
5    31.1
6    4.9
7    1.3
8    0
9    48.2
10    4.7
11    21.2
12    9.3
13    4.7
14    0
15    0
16    3.2
17    10
18    0
19    0
20    18.3
21    4.8
22    9.6
23    0
24    0
25    9.5
26    2.3
27    0.6
28    8.9
29    0
30    20.9
31    0
32    0
33    0
34    0
35    0
36    0
37    0
38    0
39    60.4
40    7.9
41    0
42    9.4
43    0
44    0
45    19.4
46    36.9
47    3.5
48    0
49    1.6
50    0
51    3.2
52    4.8
53    16.9
54    11.9
55    5.4
56    0
57    0
58    0
59    5.2
60    9.4
61    0
62    25.6
63    2.3
64    29.5
65    13.3
66    1
67    2.8
68    0
69    5.9
70    2.5
71    0
72    11.5
73    0
74    0
75    0
76    0
77    0
78    0
79    0
80    0
81    0
82    0
83    64.6
84    95.4
85    10
86    2.5
87    1.7
88    40.2
89    0
90    0
91    0
92    0
93    0
94    0
95    0.8
96    0
97    0
98    0
99    0
100    3
101    0
102    0
103    4.6
104    0
105    0
106    0
107    0
108    0
109    0
110    0
111    19.2
112    18.5
113    4.4
114    25.7
115    30.5
116    24.4
117    0
118    0
119    0
120    0
121    0
122    0
123    0
124    0
125    0
126    0
127    35.2
128    3.6
129    0
130    0
131    86.2
132    2.2
133    0
134    0
135    0
136    4.5
137    8.7
138    116.2
139    0.2
140    3.6
141    7.4
142    26.4
143    4.4
144    0
145    0
146    0
147    0
148    9.6
149    0.9
150    0
151    0
152    0
153    7.2
154    59.7
155    28.2
156    0
157    0
158    0
159    0
160    0
161    0
162    3.7
163    0
164    0
165    0
166    0
167    0
168    0
169    0
170    8.3
171    3.5
172    9.2
173    0
174    0
175    0
176    0
177    0
178    0
179    0.8
180    0
181    0
182    0
183    0
184    0
185    0
186    0
187    0
188    0
189    0
190    0
191    2.8
192    0
193    26.2
194    0
195    0
196    3.8
197    0
198    22.7
199    15.1
200    16.2
201    0
202    0
203    28.2
204    0
205    3.6
206    0
207    0
208    0
209    0
210    0
211    0
212    42.3
213    0
214    0.2
215    1.3
216    22.4
217    0
218    0
219    0
220    0
221    0
222    0
223    0
224    0
225    0
226    0
227    0
228    0
229    0
230    0
231    0
232    0
233    0
234    0
235    0
236    0
237    0
238    0
239    0
240    0
241    0
242    0
243    0.7
244    0
245    0
246    0
247    0
248    0
249    0
250    0
251    0
252    0
253    0
254    25.1
255    5.3
256    0
257    0
258    0
259    0
260    0
261    0
262    0
263    4.9
264    31.9
265    12.3
266    2.3
267    0
268    0
269    26.7
270    3.5
271    20
272    0.3
273    0
274    14
275    1.2
276    0
277    6.7
278    0
279    0
280    30.7
281    0
282    0
283    0
284    0
285    0
286    0
287    5.8
288    0
289    0
290    7.9
291    0
292    0
293    0
294    0
295    0.8
296    0
297    0
298    10.7
299    0
300    0
301    0
302    39
303    2.1
304    0
305    0
306    0
307    0
308    0
309    21.8
310    0
311    0
312    0
313    9.4
314    0
315    0
316    0
317    0
318    4.7
319    31.3
320    22.8
321    25.1
322    1.3
323    0
324    1.9
325    11
326    26.4
327    0
328    5.2
329    0
330    1.7
331    0
332    52.2
333    16.2
334    0
335    5.8
336    14
337    0
338    5.7
339    1.8
340    0
341    7.9
342    0
343    0
344    0
345    0.3
346    0
347    14
348    0
349    0
350    9.5
351    13.2
352    0
353    0.7
354    2.2
355    38.7
356    5.8
357    0
358    10.5
359    3.8
360    0
361    0
362    0
363    0
364    1.7
365    0
366    0
367    1.4
368    0
369    0
370    8.3
371    28.2
372    4.6
373    1.5
374    4.6
375    4.7
376    2.2
377    21.2
378    22.7
379    2.5
380    55.7
381    0
382    26
383    37.8
384    0
385    15.2
386    48.3
387    112.3
388    2
389    0
390    8.1
391    0
392    7
393    0
394    13.6
395    0
396    0
397    15.5
398    0
399    0
400    0
401    37.6
402    46
403    0
404    5.9
405    66.9
406    25.9
407    13.6
408    5.8
409    44.4
410    3.4
411    1.6
412    0
413    0
414    0
415    0
416    36.6
417    30.9
418    27.3
419    2
420    6.1
421    1.7
422    26.2
423    0
424    0
425    1.6
426    6.1
427    0
428    0
429    0
430    9.6
431    0.8
432    6.6
433    0
434    28.2
435    21.2
436    203.6
437    3.9
438    0
439    0
440    0
441    0
442    0
443    0
444    0
445    0
446    5.1
447    0
448    14.3
449    0
450    4.7
451    0
452    10.3
453    11.9
454    5.5
455    8.5
456    0
457    0
458    0
459    0
460    0
461    0
462    0
463    10.9
464    0
465    0
466    0
467    0
468    0
469    10.8
470    0
471    0
472    0
473    0
474    0
475    1.5
476    4.5
477    0
478    6.9
479    0
480    0
481    0
482    0
483    2.7
484    0
485    0
486    0
487    0
488    0
489    0
490    0
491    0
492    0
493    4.9
494    0
495    18.1
496    0
497    0
498    0
499    23.7
500    3
501    0
502    0
503    33.5
504    1.5
505    9.6
506    0
507    0
508    0
509    0
510    0
511    0
512    0
513    0
514    0
515    0
516    0
517    0
518    0
519    4.8
520    0
521    0
522    0.8
523    20.8
524    0
525    0
526    0
527    0
528    0
529    0
530    0
531    0
532    0
533    0
534    0
535    0
536    0
537    0
538    12.2
539    0.9
540    0.5
541    22.2
542    10.6
543    0
544    0
545    3.9
546    16.3
547    10.6
548    19
549    0
550    0
551    0
552    0
553    0
554    0
555    0
556    0
557    1
558    1.3
559    3.2
560    0
561    0
562    0
563    14.3
564    2.7
565    0
566    15.6
567    5.4
568    0.7
569    0
570    0
571    0
572    0
573    0
574    0
575    19.8
576    0
577    12.9
578    21.3
579    0
580    0
581    0
582    0
583    0
584    12.9
585    76.5
586    59
587    3.3
588    0.7
589    0
590    0
591    9.2
592    0
593    0
594    0
595    5.7
596    0
597    0
598    0
599    31.5
600    11.2
601    21.1
602    5.3
603    0
604    0
605    24.6
606    56.3
607    18.8
608    0
609    0
610    0
611    0
612    0
613    16.2
614    38.3
615    74.5
616    70.7
617    0.3
618    0
619    0
620    0
621    0
622    0
623    11.7
624    12
625    0
626    0
627    12.1
628    15.6
629    0
630    0
631    0
632    0
633    0
634    0
635    0
636    0
637    0
638    0
639    5.2
640    0
641    0
642    0
643    0
644    0
645    0
646    7.5
647    1.9
648    0
649    0
650    14.2
651    22.6
652    0
653    0
654    0
655    0
656    0.7
657    0
658    32.1
659    0
660    0
661    0
662    4.4
663    0
664    0.4
665    0
666    0
667    0
668    0
669    0
670    1.4
671    0
672    0
673    0
674    0
675    0
676    0.8
677    0
678    0
679    28.8
680    0
681    0
682    7.3
683    25.3
684    5
685    0
686    0
687    0
688    0
689    1.1
690    5.9
691    13.6
692    0
693    0
694    0
695    1.8
696    12.4
697    8.2
698    0
699    0
700    0
701    0
702    10.7
703    0
704    0
705    0
706    25.2
707    7.6
708    10.5
709    0
710    0
711    23
712    66.7
713    17
714    17
715    0
716    0
717    7
718    0
719    0
720    2
721    0
722    0
723    0
724    17.6
725    0
726    5.5
727    0
728    0
729    16.6
730    76.6
731    0
732    0
733    0
734    0
735    6.4
736    0
737    0
738    0
739    23.7
740    46.3
741    9.8
742    0
743    47.7
744    30.5
745    4.5
746    51.5
747    21.5
748    0
749    0
750    0
751    0
752    0
753    0
754    10.2
755    20.8
756    0
757    0
758    0
759    0
760    0
761    0
762    0
763    0
764    0
765    0
766    0.9
767    8.7
768    3.5
769    0
770    8.9
771    17.7
772    0
773    0
774    0
775    17.6
776    0
777    0
778    0
779    0
780    0
781    0
782    0
783    23.4
784    0
785    0
786    38.3
787    2
788    0
789    0
790    0
791    3.6
792    0
793    0
794    0
795    0
796    0
797    0
798    0
799    0
800    0
801    0
802    0
803    0
804    14.6
805    0
806    0
807    0
808    0
809    0
810    0
811    4
812    15.8
813    25.4
814    0
815    0
816    0
817    3.7
818    0
819    0
820    0
821    0
822    0
823    0
824    5.5
825    1.8
826    0
827    0
828    0
829    2.3
830    0
831    32.6
832    1.5
833    8.1
834    8.3
835    0
836    0
837    0
838    0
839    0
840    0
841    0.9
842    6.6
843    0
844    0
845    0
846    23.1
847    7.3
848    0
849    18.5
850    0
851    0
852    0
853    0
854    7.6
855    0
856    0
857    0.1
858    0
859    0
860    0
861    0
862    0
863    0
864    0
865    0
866    0
867    1.3
868    0
869    2.3
870    2.3
871    3.8
872    0
873    0
874    0
875    36.9
876    13.9
877    0
878    0
879    0
880    0
881    0.3
882    0
883    0
884    0
885    20
886    0
887    16.6
888    0
889    0
890    0
891    0
892    9.7
893    0
894    0
895    0
896    0
897    0
898    0
899    29.4
900    2.2
901    0
902    6.1
903    3
904    22.8
905    0
906    0
907    0
908    0
909    0
910    0
911    0
912    0
913    0
914    0
915    0
916    0
917    0
918    11.1
919    0
920    0
921    0
922    3
923    5.5
924    0
925    0
926    0
927    0
928    3.4
929    13
930    0
931    0
932    0
933    0
934    1.1
935    1
936    22.4
937    3.9
938    27.5
939    0
940    0.3
941    13.8
942    24.6
943    22.7
944    1.6
945    0
946    0
947    0
948    0
949    0
950    0
951    0
952    0
953    0
954    0
955    0
956    0
957    0.3
958    6.5
959    0
960    3.5
961    0.6
962    0
963    0
964    0
965    0
966    0
967    0
968    0
969    0
970    2.6
971    11.7
972    2.9
973    0
974    0
975    0
976    0
977    0
978    0
979    0
980    0
981    0
982    0
983    12.5
984    26.9
985    0
986    6.2
987    0
988    0
989    0
990    0
991    0
992    0
993    6.4
994    0
995    11.7
996    0
997    0
998    0
999    0
1000    0
1001    0
1002    0
1003    15.4
1004    0
1005    0
1006    0
1007    3.1
1008    2.8
1009    0
1010    0
1011    0
1012    0
1013    0
1014    16
1015    21.4
1016    0
1017    0
1018    0
1019    0
1020    0
1021    0
1022    0
1023    0
1024    0
1025    0.3
1026    32.6
1027    1.9
1028    0
1029    0
1030    8.3
1031    0
1032    0
1033    0
1034    0
1035    0
1036    0
1037    0
1038    0
1039    2.5
1040    11.2
1041    0
1042    0
1043    37.4
1044    9.1
1045    9
1046    0.6
1047    4.8
1048    5.2
1049    0
1050    0
1051    0
1052    0
1053    0
1054    10
1055    0
1056    0
1057    0
1058    4.8
1059    0
1060    0
1061    0
1062    14.4
1063    0
1064    3
1065    0
1066    2.7
1067    8.9
1068    0
1069    0
1070    0
1071    0
1072    0
1073    0
1074    0
1075    0
1076    7.7
1077    0
1078    12.9
1079    0
1080    5.3
1081    1.6
1082    0
1083    0
1084    5.9
1085    2.7
1086    0
1087    0
1088    0
1089    0
1090    0
1091    20
1092    0
1093    24
1094    0
1095    0
1096    0
1097    0
1098    1.6
1099    0
1100    0
1101    16.5
1102    0
1103    15.1
1104    0
1105    0
1106    0
1107    0
1108    0
1109    0
1110    3
1111    22.6
1112    15.8
1113    42
1114    0
1115    28.7
1116    6.5
1117    3.1
1118    0
1119    0
1120    0
1121    0
1122    0
1123    0
1124    2.3
1125    0
1126    0
1127    0
1128    0
1129    0
1130    18.7
1131    0
1132    15.7
1133    3.6
1134    0
1135    36.2
1136    0
1137    6.2
1138    59.8
1139    5.1
1140    14.1
1141    51
1142    29.2
1143    0
1144    16.2
1145    6
1146    0.3
1147    0
1148    0
1149    0
1150    0
1151    0
1152    15.1
1153    0
1154    0
1155    0
1156    0
1157    0
1158    0
1159    21.2
1160    52.1
1161    1.1
1162    3.8
1163    11.9
1164    17.1
1165    0
1166    0
1167    26.7
1168    0
1169    2.5
1170    17.3
1171    0
1172    0
1173    2.4
1174    15.8
1175    117.7
1176    0
1177    0
1178    0
1179    6.4
1180    0.5
1181    27
1182    0
1183    0
1184    2.4
1185    3.6
1186    0
1187    0
1188    5.1
1189    60.6
1190    26.8
1191    0
1192    0
1193    0
1194    0
1195    21.5
1196    4.7
1197    0
1198    2.3
1199    0
1200    0
1201    0
1202    0
1203    0
1204    0
1205    0
1206    0
1207    0
1208    0
1209    0
1210    0
1211    0
1212    0
1213    0
1214    0
1215    0
1216    0
1217    0
1218    0
1219    0
1220    0
1221    21.3
1222    0
1223    0
1224    0
1225    0
1226    0
1227    0
1228    0
1229    0
1230    0
1231    0
1232    0
1233    0
1234    0.9
1235    22.1
1236    0
1237    0
1238    0
1239    0
1240    0
1241    0
1242    1.7
1243    0
1244    0
1245    15.8
1246    0
1247    0
1248    36.6
1249    0
1250    0
1251    0
1252    0
1253    0
1254    0
1255    0
1256    0
1257    0
1258    0
1259    0
1260    0
1261    0
1262    0
1263    9.4
1264    0
1265    11.4
1266    1.9
1267    15.2
1268    13.4
1269    0
1270    3
1271    19.3
1272    0
1273    5.2
1274    0
1275    18.6
1276    0
1277    1.8
1278    0
1279    0
1280    0
1281    0
1282    0
1283    0
1284    1.8
1285    0
1286    1.9
1287    0
1288    0
1289    0
1290    0
1291    2.7
1292    0
1293    0
1294    0
1295    6.6
1296    6.5
1297    16
1298    4.6
1299    37.2
1300    2.9
1301    0
1302    0
1303    0
1304    0
1305    0
1306    0
1307    0
1308    0
1309    0
1310    0
1311    21.7
1312    0
1313    11.3
1314    0
1315    0
1316    0
1317    25
1318    11.1
1319    0
1320    0
1321    8.6
1322    0
1323    0
1324    0
1325    0
1326    4.6
1327    3.2
1328    0
1329    0
1330    0
1331    0
1332    0
1333    34.3
1334    15
1335    1
1336    0
1337    0
1338    0
1339    0
1340    0
1341    2.9
1342    3.7
1343    0
1344    0
1345    0.6
1346    0
1347    0
1348    0
1349    0
1350    0
1351    0
1352    0
1353    0
1354    4.9
1355    9.5
1356    22.1
1357    0
1358    16.9
1359    64.3
1360    50.7
1361    26.5
1362    13.3
1363    0
1364    0
1365    0
1366    0
1367    9.7
1368    0
1369    0.9
1370    0
1371    0
1372    10.5
1373    0
1374    0
1375    0
1376    0
1377    1.9
1378    0
1379    0
1380    0.2
1381    0.7
1382    0
1383    0.7
1384    0
1385    3.4
1386    6.4
1387    3.9
1388    0
1389    0
1390    0.7
1391    1.7
1392    6.3
1393    22.9
1394    2
1395    11
1396    0
1397    0
1398    0
1399    0.5
1400    2.7
1401    3.2
1402    0.4
1403    2.7
1404    0
1405    0
1406    0
1407    1.7
1408    0.7
1409    0.4
1410    0
1411    16
1412    0
1413    0
1414    0
1415    1
1416    0
1417    0
1418    0
1419    0
1420    22
1421    6.6
1422    0
1423    0.3
1424    5.7
1425    13.7
1426    0.7
1427    1.3
1428    11.7
1429    0.7
1430    0.2
1431    0.8
1432    4
1433    1.2
1434    1.1
1435    22.3
1436    0
1437    0
1438    0.3
1439    21
1440    3.8
1441    0.2
1442    0
1443    0
1444    2.4
1445    18.9
1446    0
1447    0
1448    0
1449    0
1450    0
1451    0
1452    0
1453    0
1454    0
1455    0
1456    0
1457    3.1
1458    0
1459    17.9
1460    25.9
1461    0
1462    3.5
1463    0
1464    65.4
1465    5.8
1466    0
1467    0.8
1468    0
1469    35.4
1470    0
1471    17.2
1472    18.7
1473    5.2
1474    4.4
1475    0.6
1476    31
1477    0
1478    0
1479    0
1480    0
1481    0
1482    0
1483    26.8
1484    0
1485    0.3
1486    0.2
1487    0
1488    0
1489    0
1490    0
1491    0
1492    7
1493    5.4
1494    0
1495    0
1496    15.8
1497    0
1498    0
1499    0
1500    0
1501    0
1502    0
1503    0
1504    0
1505    15.8
1506    6.7
1507    0
1508    0.9
1509    3.3
1510    5
1511    1.4
1512    0
1513    1.7
1514    0
1515    37.5
1516    0
1517    19.5
1518    75.5
1519    0.4
1520    0.6
1521    0
1522    0
1523    7.1
1524    40.5
1525    0
1526    0
1527    0
1528    34
1529    0
1530    4.8
1531    27.4
1532    0.4
1533    35.2
1534    0
1535    17.4
1536    0
1537    32.4
1538    59.9
1539    4.1
1540    0
1541    4.3
1542    0
1543    0
1544    0
1545    1.8
1546    9.4
1547    27.2
1548    0
1549    5.4
1550    1.8
1551    10
1552    4.6
1553    8.9
1554    16.7
1555    0.6
1556    0
1557    0
1558    0
1559    12.1
1560    0
1561    0.6
1562    0.7
1563    0
1564    0
1565    0
1566    2.8
1567    0.4
1568    0
1569    0
1570    31.9
1571    0
1572    0
1573    1.6
1574    0
1575    0.8
1576    0
1577    0
1578    2.8
1579    0.6
1580    1
1581    8.7
1582    0
1583    0
1584    0
1585    0
1586    1.3
1587    0
1588    0
1589    12.1
1590    0
1591    3.3
1592    0.1
1593    0
1594    0
1595    0
1596    6.1
1597    0
1598    0
1599    0
1600    0
1601    0
1602    13.1
1603    6.3
1604    3.8
1605    0
1606    25.6
1607    1.6
1608    0.8
1609    0
1610    0
1611    0
1612    4.9
1613    0
1614    0
1615    0
1616    14.2
1617    31.3
1618    2.4
1619    1.5
1620    51.4
1621    0
1622    0
1623    9.9
1624    0.6
1625    0.7
1626    0
1627    1.4
1628    0
1629    11.4
1630    2.5
1631    0
1632    0
1633    0
1634    0
1635    0
1636    0.4
1637    4.8
1638    30.9
1639    46.8
1640    50.2
1641    0
1642    0
1643    0
1644    0
1645    0
1646    0
1647    0
1648    0
1649    3.3
1650    0
1651    3.4
1652    2.7
1653    1.8
1654    1
1655    23.4
1656    0.3
1657    0
1658    0
1659    0
1660    0
1661    0
1662    0
1663    0
1664    0
1665    11.1
1666    24.8
1667    0
1668    0.7
1669    0
1670    0
1671    1.8
1672    0
1673    0
1674    9
1675    0
1676    0
1677    9.2
1678    0
1679    0
1680    0
1681    0
1682    0
1683    0
1684    0
1685    17.2
1686    0
1687    0
1688    16.6
1689    10.6
1690    0
1691    0
1692    0
1693    0
1694    0
1695    0
1696    0
1697    0
1698    11.4
1699    0
1700    0
1701    0
1702    0
1703    4.7
1704    10.5
1705    0.4
1706    17.2
1707    0.6
1708    7.7
1709    2.9
1710    7.1
1711    0
1712    0
1713    0
1714    0
1715    0.5
1716    0
1717    0
1718    0
1719    0
1720    0
1721    2.3
1722    16.2
1723    0
1724    6.5
1725    0
1726    0
1727    7.6
1728    1.9
1729    17.8
1730    9.7
1731    0.4
1732    41.6
1733    0
1734    33.6
1735    0
1736    0
1737    0
1738    0
1739    1
1740    0.9
1741    0
1742    0
1743    0
1744    0
1745    9.6
1746    0
1747    72.2
1748    0.6
1749    0
1750    0.4
1751    5.4
1752    0
1753    8.1
1754    0
1755    0
1756    0
1757    0
1758    0
1759    2.2
1760    0.5
1761    0
1762    0
1763    0
1764    1
1765    0
1766    0
1767    1.8
1768    24.7
1769    1.9
1770    0.8
1771    5.7
1772    0.6
1773    0
1774    0
1775    0
1776    0
1777    1.1
1778    0
1779    0
1780    0
1781    0
1782    0
1783    0
1784    1.7
1785    1
1786    3
1787    0
1788    0.5
1789    0
1790    36.7
1791    9.3
1792    0
1793    7.3
1794    0.1
1795    2.7
1796    0
1797    0
1798    4.3
1799    0
1800    0
1801    0
1802    0
1803    0
1804    2.7
1805    6.5
1806    1.1
1807    14.1
1808    15.2
1809    0
1810    0
1811    0
1812    0
1813    11.8
1814    5
1815    1.1
1816    9.6
1817    7.6
1818    0
1819    0.1
1820    2.1
1821    62.3
1822    0
1823    43.7
1824    0
1825    6.1
1826    0.9
1827    1.2
1828    6.1
1829    0
1830    0
1831    9.4
1832    0
1833    1.9
1834    5.7
1835    1.4
1836    4.4
1837    17.4
1838    0
1839    0
1840    1.7
1841    53.9
1842    11.5
1843    3.8
1844    36.7
1845    20.6
1846    26.3
1847    9.3
1848    0
1849    0
1850    0
1851    5.6
1852    0
1853    0
1854    0
1855    1.2
1856    0.6
1857    1.3
1858    0
1859    2.1
1860    7.8
1861    3.1
1862    1.1
1863    0
1864    0
1865    0
1866    4.2
1867    0
1868    29.4
1869    7.9
1870    10.6
1871    8.7
1872    0.8
1873    0
1874    5.6
1875    1.6
1876    4.6
1877    3.4
1878    0
1879    19.2
1880    17.1
1881    0
1882    9.6
1883    22.9
1884    0
1885    0
1886    0
1887    2.3
1888    0
1889    0
1890    16.4
1891    0
1892    0
1893    0
1894    0
1895    4.2
1896    0.6
1897    0
1898    0
1899    0
1900    12.2
1901    0
1902    0
1903    0
1904    2.8
1905    0.7
1906    7.3
1907    0
1908    0.3
1909    0
1910    0
1911    17.6
1912    5.4
1913    22.2
1914    27.8
1915    2.5
1916    0
1917    0
1918    0
1919    0
1920    0
1921    19.1
1922    0.4
1923    0
1924    0
1925    0
1926    0
1927    0
1928    0
1929    2
1930    0
1931    3.7
1932    10.7
1933    46.9
1934    0
1935    0
1936    8.6
1937    6
1938    14.3
1939    5.5
1940    0
1941    0
1942    0
1943    0
1944    0.4
1945    0
1946    0
1947    55
1948    0
1949    12.3
1950    0
1951    0
1952    0
1953    0
1954    0
1955    1.3
1956    0
1957    0
1958    77.9
1959    0
1960    7
1961    4.2
1962    0.3
1963    11.4
1964    8
1965    76
1966    41
1967    41
1968    0
1969    0
1970    19.7
1971    2.2
1972    52.2
1973    12.1
1974    0
1975    0
1976    0
1977    0
1978    0
1979    0
1980    0
1981    0
1982    0
1983    0
1984    0
1985    0
1986    0
1987    0
1988    4.2
1989    4.2
1990    41.5
1991    35.8
1992    0
1993    0
1994    10.9
1995    4.8
1996    0
1997    0
1998    0.7
1999    0
2000    0
2001    0
2002    1.7
2003    0
2004    0
2005    0
2006    0
2007    0.5
2008    0
2009    0
2010    3.4
2011    0
2012    0.7
2013    12.2
2014    19.9
2015    29
2016    0
2017    0.6
2018    0
2019    0
2020    4.1
2021    29.3
2022    4.5
2023    11.2
2024    0
2025    0
2026    0
2027    22
2028    0
2029    0
2030    72.2
2031    0
2032    0
2033    0
2034    0
2035    0
2036    0
2037    0
2038    0
2039    0
2040    0
2041    0
2042    0
2043    0
2044    0
2045    0
2046    0
2047    0
2048    0
2049    0
2050    0
2051    0
2052    0
2053    0
2054    0
2055    0
2056    90.1
2057    0
2058    0
2059    6
2060    0
2061    0
2062    1.7
2063    15.6
2064    28.3
2065    0
2066    0
2067    0
2068    0
2069    0
2070    4.9
2071    0
2072    0
2073    6.5
2074    5.5
2075    7.6
2076    14.5
2077    0
2078    0
2079    52.3
2080    0
2081    0
2082    0
2083    0
2084    0
2085    33.8
2086    14.7
2087    0
2088    0
2089    0
2090    0
2091    0
2092    0
2093    20.9
2094    4.3
2095    77.9
2096    20.5
2097    0
2098    0
2099    0
2100    5.1
2101    9.9
2102    2
2103    0
2104    0
2105    6
2106    4.7
2107    26.2
2108    30.6
2109    0
2110    0
2111    3
2112    19.2
2113    4.4
2114    32.1
2115    34
2116    0
2117    0
2118    0
2119    6.8
2120    52.6
2121    11.2
2122    0
2123    0
2124    0.5
2125    7.2
2126    12.7
2127    12.9
2128    17.5
2129    6.7
2130    25.5
2131    1.1
2132    7.8
2133    10
2134    25.2
2135    3.5
2136    0
2137    5.4
2138    0
2139    0
2140    0
2141    2.2
2142    1.2
2143    0
2144    0
2145    0
2146    0.4
2147    27.7
2148    7.1
2149    2.5
2150    0
2151    0
2152    0.7
2153    1.6
2154    0
2155    8.9
2156    18.2
2157    7.9
2158    5.7
2159    0
2160    0
2161    0
2162    0
2163    0
2164    0
2165    6.9
2166    0
2167    0
2168    0
2169    15.2
2170    0
2171    0.9
2172    0
2173    9.5
2174    0
2175    0
2176    0.5
2177    0
2178    10.6
2179    10.2
2180    1.5
2181    0.6
2182    0
2183    10.3
2184    0
2185    0
2186    0
2187    0
2188    22.8
2189    21.5
2190    6.2
2191    10.6
2192    2.4
2193    11.2
2194    3.3
2195    17.8
2196    4.4
2197    1.4
2198    0
2199    0
2200    0
2201    0
2202    2.7
2203    0
2204    0
2205    8.1
2206    1.5
2207    0
2208    0
2209    0
2210    0
2211    0
2212    0
2213    0
2214    0
2215    0
2216    0
2217    18.6
2218    0
2219    130.6
2220    0
2221    30
2222    7.1
2223    17.3
2224    2
2225    20.3
2226    0
2227    7.8
2228    0
2229    0
2230    0
2231    0
2232    9.9
2233    0
2234    0
2235    1
2236    14.4
2237    0
2238    11.1
2239    0
2240    0
2241    0
2242    16.3
2243    17.7
2244    0
2245    2.6
2246    0
2247    12.5
2248    0
2249    22.6
2250    0
2251    0
2252    0
2253    66.1
2254    37.7
2255    0
2256    0
2257    0
2258    0
2259    0
2260    44.6
2261    10.8
2262    16.5
2263    0
2264    0
2265    0
2266    0
2267    0
2268    0
2269    0
2270    0
2271    0
2272    2.4
2273    0
2274    0
2275    9.1
2276    63.5
2277    0
2278    0
2279    0
2280    0
2281    0
2282    67.2
2283    0
2284    0
2285    0
2286    0
2287    0
2288    0
2289    0
2290    2.1
2291    0
2292    51.8
2293    5.2
2294    2.7
2295    11.6
2296    0
2297    0
2298    0
2299    0
2300    0
2301    0
2302    0
2303    6.9
2304    34.3
2305    0
2306    0
2307    0
2308    28.4
2309    0
2310    0
2311    0
2312    0
2313    0
2314    0
2315    0
2316    0
2317    0
2318    8.1
2319    0
2320    0
2321    0
2322    0
2323    0
2324    0
2325    0
2326    0
2327    17.4
2328    0
2329    0
2330    0
2331    0
2332    17.7
2333    10.6
2334    1.2
2335    0
2336    0
2337    0.7
2338    1.9
2339    0
2340    3.9
2341    2.6
2342    0
2343    0
2344    5.5
2345    0
2346    0
2347    0
2348    0
2349    0
2350    0
2351    0
2352    0
2353    0
2354    0
2355    0
2356    0
2357    0
2358    0
2359    13.5
2360    3.6
2361    0
2362    0
2363    0
2364    3.4
2365    5.5
2366    0
2367    0
2368    0
2369    0
2370    0
2371    0
2372    0
2373    0
2374    0
2375    0
2376    0
2377    0
2378    0
2379    0
2380    0
2381    0
2382    0
2383    0
2384    0
2385    0
2386    40.3
2387    42.3
2388    37.7
2389    0
2390    0
2391    0
2392    0
2393    0
2394    0
2395    0
2396    0
2397    0
2398    0
2399    6.4
2400    0
2401    0
2402    0
2403    0
2404    0
2405    0
2406    4.2
2407    0.6
2408    0
2409    0
2410    3.8
2411    1.2
2412    1.7
2413    0
2414    0
2415    0
2416    0
2417    0
2418    7.4
2419    0
2420    0
2421    1.4
2422    15
2423    31.9
2424    8.9
2425    13.8
2426    0
2427    0
2428    0
2429    0
2430    0
2431    0
2432    0
2433    5.3
2434    0.7
2435    0
2436    0
2437    0
2438    46.9
2439    23.2
2440    15.2
2441    0
2442    0
2443    0
2444    0
2445    0
2446    0
2447    0
2448    0
2449    0
2450    0
2451    0
2452    0
2453    6
2454    0
2455    0
2456    0
2457    0
2458    0
2459    0
2460    0
2461    0
2462    0
2463    0
2464    0
2465    0
2466    1.9
2467    0
2468    3
2469    3.2
2470    15.5
2471    9.7
2472    0
2473    0
2474    0
2475    0
2476    1.4
2477    4
2478    18.7
2479    0
2480    1.3
2481    2.9
2482    21.5
2483    1.3
2484    23
2485    1.5
2486    0
2487    0
2488    0
2489    8.2
2490    61.8
2491    6.3
2492    0
2493    0
2494    0
2495    0
2496    0
2497    0
2498    0
2499    0
2500    0
2501    0
2502    0
2503    0
2504    0
2505    1.7
2506    0
2507    3.7
2508    0
2509    0
2510    0
2511    9.1
2512    27.3
2513    11.3
2514    0
2515    0
2516    0
2517    0
2518    0
2519    0
2520    0
2521    0
2522    0.9
2523    1.3
2524    0
2525    9.7
2526    0
2527    0
2528    0
2529    73.4
2530    0
2531    0
2532    0
2533    0
2534    9.3
2535    6
2536    1.9
2537    34.6
2538    6.7
2539    13.3
2540    0
2541    0.9
2542    17.4
2543    4.5
2544    0
2545    8.7
2546    5.8
2547    4.4
2548    8.3
2549    6.7
2550    22.3
2551    0
2552    5.6
2553    4.2
2554    9.2
2555    20.9
2556    6.1
2557    22.7
2558    19.4
2559    3.2
2560    0
2561    5.7
2562    15.4
2563    0
2564    0
2565    2.1
2566    1.4
2567    6.5
2568    0.3
2569    0
2570    0
2571    0
2572    0
2573    0
2574    21.7
2575    0.7
2576    0
2577    0
2578    0
2579    6.7
2580    0.4
2581    25.9
2582    19
2583    24.5
2584    0
2585    0
2586    4.4
2587    47
2588    10.3
2589    12.5
2590    12.2
2591    0
2592    0
2593    0
2594    1.7
2595    0
2596    0
2597    1.6
2598    0.8
2599    31.1
2600    4.5
2601    1
2602    12.8
2603    0
2604    0
2605    12.3
2606    0
2607    0
2608    0
2609    0
2610    0
2611    3.4
2612    0
2613    0
2614    0
2615    0
2616    2.3
2617    0
2618    0
2619    0
2620    2.2
2621    1
2622    0
2623    16.9
2624    7.5
2625    0
2626    7.2
2627    0
2628    31.2
2629    0
2630    0
2631    0.7
2632    0
2633    0
2634    0
2635    2.1
2636    2.5
2637    3.8
2638    13.7
2639    19.8
2640    10.3
2641    2
2642    8.3
2643    2.3
2644    24.9
2645    0
2646    0
2647    0
2648    1.1
2649    17.6
2650    7.9
2651    2.4
2652    4.7
2653    0
2654    13.9
2655    30.9
2656    28.8
2657    0
2658    3.2
2659    0
2660    0
2661    0
2662    19.1
2663    1.6
2664    0.3
2665    4.1
2666    1.7
2667    0.4
2668    0
2669    0.1
2670    0
2671    4.4
2672    14.6
2673    0
2674    0
2675    0
2676    0
2677    0
2678    0
2679    0
2680    0
2681    6.4
2682    0
2683    0
2684    0.6
2685    1.4
2686    0
2687    0
2688    0
2689    0
2690    2.6
2691    0
2692    0
2693    0
2694    4.9
2695    55.6
2696    21.7
2697    50.4
2698    1.4
2699    26
2700    0
2701    0
2702    0
2703    18.2
2704    47.6
2705    13.4
2706    4.2
2707    22.5
2708    67.5
2709    0
2710    0
2711    7.4
2712    84
2713    9.5
2714    1.2
2715    3.1
2716    0
2717    0
2718    0
2719    0
2720    0
2721    0
2722    0
2723    0
2724    0
2725    0
2726    0
2727    6.9
2728    0
2729    0
2730    0.9
2731    0
2732    0
2733    0
2734    0
2735    0
2736    0
2737    0
2738    0
2739    0
2740    0
2741    0.9
2742    1.5
2743    0
2744    0
2745    0
2746    0
2747    0
2748    0
2749    0
2750    0
2751    0
2752    0
2753    0
2754    0
2755    9.2
2756    0
2757    0
2758    0
2759    0
2760    0
2761    0
2762    0
2763    0
2764    0
2765    0
2766    0
2767    0
2768    0
2769    0
2770    0
2771    31.5
2772    11.4
2773    0
2774    0
2775    0
2776    0
2777    7.2
2778    0
2779    3.5
2780    8
2781    5.5
2782    25.2
2783    0
2784    0
2785    0
2786    0
2787    0
2788    16.9
2789    0
2790    0
2791    2.1
2792    0
2793    0
2794    0
2795    0
2796    0
2797    0
2798    0
2799    0
2800    0
2801    0
2802    0
2803    0
2804    0
2805    0
2806    0
2807    0
2808    0
2809    0
2810    0
2811    0
2812    0
2813    0
2814    0
2815    0
2816    0.3
2817    1.7
2818    0
2819    0
2820    0
2821    0
2822    0
2823    3.7
2824    2.2
2825    0.7
2826    0
2827    7.4
2828    0
2829    61
2830    13
2831    0
2832    20.5
2833    0
2834    0
2835    0
2836    17.3
2837    9.7
2838    2.4
2839    0
2840    0
2841    0
2842    12.4
2843    14.6
2844    0.8
2845    0
2846    0
2847    0
2848    0
2849    0
2850    0
2851    5.3
2852    0
2853    0
2854    0
2855    8.3
2856    1.2
2857    0
2858    0
2859    0
2860    2.6
2861    0
2862    0
2863    0
2864    0
2865    10.8
2866    0
2867    2.6
2868    5.9
2869    4.8
2870    0
2871    32.1
2872    0
2873    0
2874    0
2875    0
2876    0
2877    16.7
2878    27.8
2879    12.8
2880    0
2881    0
2882    0.6
2883    0
2884    0
2885    0
2886    1.4
2887    0.1
2888    0
2889    0.3
2890    18.3
2891    8.2
2892    0.7
2893    0
2894    3.3
2895    0
2896    13.6
2897    7.1
2898    28.1
2899    0
2900    0
2901    1.2
2902    0
2903    0
2904    0
2905    0
2906    0
2907    0
2908    1.3
2909    1.6
2910    8.2
2911    42.5
2912    0
2913    0
2914    54.4
2915    16.7
2916    0
2917    0
2918    1.3
2919    4.2
2920    11.6
2921    0
2922    0
2923    5.3
2924    29.6
2925    0
2926    0
2927    0
2928    4.7
2929    0
2930    0
2931    14.5
2932    98.2
2933    14.3
2934    6.6
2935    3.3
2936    14.2
2937    0
2938    7.3
2939    13.1
2940    4.5
2941    1.4
2942    0.7
2943    6
2944    4.1
2945    15.1
2946    12
2947    0
2948    0
2949    2.4
2950    0.5
2951    0
2952    0
2953    0
2954    0
2955    0
2956    0
2957    1.6
2958    0
2959    1.4
2960    0
2961    0.3
2962    11.7
2963    77
2964    33.3
2965    0
2966    0
2967    0
2968    0
2969    0
2970    0
2971    0
2972    38
2973    0
2974    7.3
2975    3.2
2976    0.8
2977    0
2978    10.1
2979    20
2980    14.5
2981    11
2982    33.3
2983    0
2984    10
2985    66.4
2986    1.9
2987    1.4
2988    0
2989    0
2990    0
2991    13.8
2992    0
2993    4.2
2994    0.2
2995    0.7
2996    0
2997    0
2998    0
2999    0
3000    6.8
3001    8.7
3002    0
3003    0
3004    2.4
3005    7.1
3006    2.5
3007    17.8
3008    10.9
3009    7.1
3010    90.6
3011    54.8
3012    11
3013    0
3014    0
3015    5.8
3016    0
3017    0
3018    0
3019    0
3020    0
3021    7.8
3022    0
3023    0
3024    0
3025    0
3026    0.3
3027    0.9
3028    1.4
3029    1.1
3030    0
3031    0
3032    0
3033    0
3034    0
3035    0
3036    0
3037    0
3038    0
3039    0
3040    0
3041    0
3042    1.6
3043    1.9
3044    3.5
3045    0
3046    1.4
3047    4.1
3048    12
3049    0
3050    0.4
3051    1.3
3052    0
3053    0
3054    0
3055    0
3056    0
3057    4.7
3058    0
3059    0
3060    27.9
3061    2.6
3062    0
3063    0
3064    0
3065    0
3066    0
3067    0
3068    0
3069    0
3070    0
3071    0
3072    0
3073    0
3074    0
3075    4.7
3076    0
3077    4.2
3078    6.5
3079    0
3080    0
3081    0
3082    0
3083    0
3084    0.9
3085    54.8
3086    0
3087    0.5
3088    0
3089    0
3090    0
3091    0
3092    0
3093    0
3094    0
3095    0
3096    0
3097    4.9
3098    2.5
3099    0.8
3100    0
3101    0
3102    4
3103    0
3104    0
3105    0
3106    10.8
3107    11.6
3108    0
3109    0
3110    0
3111    0
3112    0
3113    0
3114    0
3115    0
3116    0
3117    0
3118    0
3119    27
3120    0
3121    0
3122    0
3123    0
3124    0
3125    0
3126    0
3127    0
3128    33.1
3129    0
3130    0
3131    0.9
3132    0
3133    0
3134    0
3135    0
3136    9.4
3137    0
3138    0
3139    0
3140    0
3141    0
3142    3.1
3143    0
3144    0
3145    0
3146    0
3147    0
3148    0
3149    0
3150    0
3151    0
3152    0
3153    0
3154    9
3155    29
3156    4
3157    1.6
3158    12.6
3159    0
3160    0
3161    0
3162    0
3163    0
3164    0
3165    15.4
3166    19
3167    20
3168    51.7
3169    0
3170    0
3171    0
3172    0
3173    0
3174    0
3175    7.8
3176    2.7
3177    11.1
3178    5.1
3179    7.7
3180    15.7
3181    7.7
3182    18.6
3183    0
3184    0
3185    0
3186    0
3187    0
3188    0
3189    0
3190    0
3191    0
3192    1.7
3193    7.8
3194    0
3195    0
3196    8.1
3197    11.3
3198    11.4
3199    0
3200    0
3201    0
3202    0
3203    1.8
3204    3.9
3205    0
3206    0
3207    0
3208    0
3209    3.4
3210    0
3211    8.4
3212    2.3
3213    0
3214    0
3215    0
3216    0
3217    0
3218    0.5
3219    3.3
3220    18.5
3221    21.7
3222    0
3223    0
3224    0
3225    0
3226    26
3227    1.3
3228    0
3229    16.5
3230    0.7
3231    0
3232    0
3233    0
3234    4
3235    17.1
3236    7.5
3237    0.5
3238    1.3
3239    0
3240    0
3241    0
3242    0
3243    0
3244    18.4
3245    0
3246    0
3247    0
3248    0
3249    12.4
3250    6.9
3251    0
3252    0
3253    8.4
3254    6.2
3255    3.1
3256    35.9
3257    16.7
3258    0
3259    0
3260    0
3261    0
3262    0
3263    0
3264    0
3265    0
3266    0
3267    0
3268    5.5
3269    0
3270    15.9
3271    8.2
3272    0
3273    2.7
3274    6.9
3275    4.4
3276    4.9
3277    19.3
3278    46.8
3279    0
3280    0
3281    0
3282    7.7
3283    0
3284    0
3285    1.8
3286    0
3287    0
3288    0
3289    0
3290    1.7
3291    2
3292    0
3293    0
3294    0.6
3295    0.5
3296    0
3297    5.5
3298    0
3299    0
3300    11
3301    21.9
3302    1.9
3303    30.5
3304    24.5
3305    1.9
3306    7.7
3307    0.9
3308    0
3309    0
3310    2
3311    4.1
3312    0
3313    0
3314    0
3315    0
3316    2.6
3317    0
3318    10
3319    22.7
3320    32.7
3321    1.7
3322    0
3323    0
3324    0
3325    0
3326    0
3327    0
3328    0
3329    2.2
3330    0
3331    0
3332    0
3333    11.5
3334    9.5
3335    119.5
3336    1.5
3337    5.4
3338    0
3339    0
3340    0
3341    0
3342    21.2
3343    20.4
3344    0
3345    0.8
3346    0
3347    0
3348    0
3349    3.8
3350    0
3351    0.9
3352    3.8
3353    0
3354    31.1
3355    0
3356    0
3357    1.9
3358    15.3
3359    1.3
3360    37.7
3361    0
3362    0
3363    0.5
3364    8.9
3365    3.2
3366    0
3367    0
3368    4.4
3369    0
3370    0
3371    0.8
3372    1.1
3373    0
3374    6.2
3375    1.8
3376    0
3377    4.1
3378    0
3379    0
3380    0
3381    0
3382    1.8
3383    46.5
3384    14.2
3385    0
3386    0
3387    0
3388    0
3389    0
3390    0
3391    10.9
3392    0
3393    33
3394    0
3395    0
3396    0
3397    0
3398    1
3399    0
3400    0
3401    4.7
3402    0
3403    3.2
3404    0
3405    2.3
3406    0
3407    0
3408    0
3409    0
3410    0
3411    0
3412    0.6
3413    3.5
3414    0
3415    0.9
3416    0
3417    0.3
3418    33
3419    0
3420    23.8
3421    0
3422    15.5
3423    0
3424    10.5
3425    7.2
3426    0.5
3427    0
3428    0.8
3429    6.8
3430    6.7
3431    7.9
3432    0
3433    0
3434    4.1
3435    3.2
3436    16.2
3437    51.7
3438    0
3439    4
3440    4.2
3441    1.7
3442    0
3443    0
3444    0
3445    0
3446    0
3447    0
3448    0
3449    0
3450    0
3451    0
3452    0
3453    0
3454    0
3455    0
3456    0
3457    0
3458    0
3459    0
3460    0
3461    0
3462    0
3463    3.8
3464    32.2
3465    0
3466    0
3467    0
3468    0.9
3469    23.3
3470    9.9
3471    0
3472    0
3473    0
3474    0
3475    0
3476    0
3477    0
3478    0
3479    0
3480    0
3481    0
3482    9.9
3483    4.1
3484    0
3485    1.6
3486    2.8
3487    0
3488    0
3489    0
3490    0
3491    0
3492    0
3493    0
3494    1
3495    0
3496    1.3
3497    0
3498    0
3499    0
3500    0
3501    0
3502    0
3503    0
3504    3.4
3505    0
3506    0
3507    0
3508    0
3509    0
3510    0
3511    1.7
3512    0
3513    0
3514    0
3515    0
3516    0
3517    15.4
3518    0
3519    0
3520    0
3521    1.5
3522    0
3523    0
3524    0.9
3525    0
3526    1.3
3527    0
3528    0
3529    0
3530    6.7
3531    1.5
3532    0
3533    0
3534    0
3535    0
3536    11.5
3537    0
3538    0
3539    0
3540    0
3541    0
3542    0
3543    0.5
3544    0
3545    0
3546    0
3547    3.3
3548    8.2
3549    10.2
3550    1.2
3551    0
3552    0
3553    0
3554    0
3555    0
3556    3.3
3557    0
3558    0
3559    0
3560    0.7
3561    0
3562    0
3563    1.1
3564    0
3565    10.4
3566    4.6
3567    0
3568    0
3569    0
3570    0
3571    0
3572    0
3573    10.9
3574    4.5
3575    1.4
3576    18.6
3577    8.1
3578    0
3579    0
3580    0
3581    0
3582    0
3583    1.7
3584    8
3585    2.6
3586    1.3
3587    20.7
3588    5.5
3589    13
3590    9.2
3591    1.9
3592    5.1
3593    0
3594    1.9
3595    30.9
3596    1.9
3597    0
3598    2.3
3599    0
3600    9.7
3601    47.2
3602    2.2
3603    35.6
3604    26.8
3605    12.5
3606    0
3607    0
3608    0
3609    0
3610    0
3611    1.5
3612    0
3613    0
3614    0
3615    0
3616    0
3617    9.7
3618    1.5
3619    0
3620    0
3621    0
3622    1.1
3623    0
3624    0
3625    0
3626    9.4
3627    0
3628    0
3629    0.8
3630    0
3631    0
3632    0
3633    10.7
3634    0
3635    3.1
3636    5.2
3637    5.6
3638    16
3639    1.8
3640    0
3641    0
3642    3.5
3643    0
3644    0
3645    0
3646    0
3647    0
3648    0
3649    0
3650    0
3651    0
3652    0
3653    23.2
3654    0
3655    4.9
3656    10.6
3657    0
3658    2.6
3659    2.4
3660    0
3661    0
3662    36.3
3663    0
3664    0
3665    0
3666    0
3667    2.4
3668    0
3669    0
3670    0
3671    0
3672    0
3673    0
3674    15.5
3675    22.2
3676    0
3677    0
3678    29.5
3679    0
3680    0
3681    8
3682    0
3683    0
3684    0
3685    1.6
3686    1.2
3687    28.9
3688    5.7
3689    90
3690    98.2
3691    1.8
3692    1
3693    0
3694    7
3695    5.4
3696    0
3697    0
3698    0
3699    0
3700    0
3701    11.6
3702    7.1
3703    0
3704    0
3705    0
3706    0
3707    0
3708    27.4
3709    23.5
3710    0
3711    0
3712    0
3713    12.2
3714    7.6
3715    4.5
3716    0
3717    0
3718    0
3719    0
3720    0
3721    0
3722    0
3723    0
3724    0
3725    0
3726    0
3727    0
3728    3.8
3729    1.3
3730    0.7
3731    0
3732    0
3733    0
3734    1.7
3735    0
3736    0
3737    0
3738    2.6
3739    0
3740    0
3741    0
3742    0
3743    5.9
3744    0
3745    0
3746    0
3747    0
3748    0
3749    9.5
3750    0
3751    0
3752    0
3753    0
3754    0
3755    0
3756    3.8
3757    0
3758    0
3759    0
3760    0
3761    0
3762    0
3763    0
3764    0
3765    0
3766    0
3767    0
3768    0
3769    0
3770    1.8
3771    10
3772    0
3773    0
3774    0
3775    0
3776    0
3777    0
3778    0.4
3779    0
3780    0
3781    0
3782    0
3783    0
3784    0
3785    2.9
3786    2.1
3787    0
3788    0
3789    0
3790    0
3791    0
3792    0
3793    0
3794    2.9
3795    0
3796    0
3797    0
3798    0
3799    0
3800    0
3801    0
3802    0
3803    0
3804    0
3805    0.9
3806    0
3807    0
3808    2.2
3809    74.6
3810    0
3811    0
3812    0
3813    17.9
3814    15.2
3815    0
3816    0
3817    1.1
3818    0
3819    0
3820    3.4
3821    1.4
3822    0
3823    0
3824    0
3825    0
3826    0
3827    0
3828    0
3829    6
3830    2
3831    0
3832    4.2
3833    13.9
3834    10.4
3835    0
3836    0
3837    0
3838    0
3839    3.3
3840    11.6
3841    13.3
3842    7.3
3843    0
3844    0
3845    22.5
3846    0
3847    4.3
3848    0
3849    0
3850    20.7
3851    0
3852    0
3853    0
3854    0
3855    0
3856    0
3857    0
3858    0
3859    0
3860    0
3861    0.8
3862    10.7
3863    0
3864    0
3865    0
3866    0
3867    0
3868    0
3869    0
3870    0
3871    0
3872    0
3873    0
3874    0
3875    0
3876    0
3877    29.7
3878    15
3879    79.5
3880    7.1
3881    8.9
3882    1.3
3883    0
3884    9.8
3885    1.3
3886    0
3887    0
3888    1.1
3889    0
3890    0
3891    0
3892    0
3893    0
3894    0
3895    0
3896    0.8
3897    4
3898    0
3899    6.6
3900    0
3901    0
3902    3.8
3903    47.7
3904    17.2
3905    15.6
3906    0
3907    0
3908    0
3909    0
3910    0
3911    0
3912    9
3913    0
3914    0
3915    0
3916    0
3917    0
3918    0
3919    0
3920    0
3921    0
3922    0
3923    16
3924    0
3925    0
3926    17.1
3927    0
3928    0
3929    10
3930    15.5
3931    0
3932    0
3933    9.8
3934    0
3935    8.8
3936    0
3937    0
3938    0
3939    0
3940    0
3941    0
3942    0
3943    0
3944    1.4
3945    0
3946    0
3947    5
3948    24.1
3949    1.6
3950    0
3951    3
3952    16.1
3953    0
3954    0
3955    11.8
3956    0
3957    0
3958    0
3959    0
3960    3.9
3961    0
3962    0
3963    0
3964    0
3965    5.7
3966    18.4
3967    3.4
3968    11.8
3969    6.8
3970    1.7
3971    0
3972    1
3973    31
3974    0
3975    4.7
3976    0
3977    10.7
3978    0
3979    0
3980    0
3981    0
3982    0
3983    0
3984    5.5
3985    0
3986    0
3987    41
3988    4.4
3989    52.9
3990    0
3991    0
3992    14.4
3993    35.5
3994    5.2
3995    0
3996    1.2
3997    0
3998    0
3999    16
4000    19.7
4001    19.8
4002    20
4003    39.2
4004    2
4005    3.2
4006    0
4007    0
4008    0
4009    0
4010    18.9
4011    14.2
4012    2.4
4013    0
4014    12.4
4015    7.1
4016    4.2
4017    0
4018    6.6
4019    0
4020    0
4021    13.9
4022    0
4023    5.6
4024    36.7
4025    14.6
4026    6.4
4027    0
4028    10
4029    1.7
4030    19.2
4031    0
4032    9.8
4033    13
4034    35.3
4035    13
4036    0
4037    18.8
4038    24.9
4039    18.3
4040    36.7
4041    13
4042    78.7
4043    4.9
4044    5.4
4045    4
4046    41.2
4047    19.4
4048    0
4049    2.4
4050    24.9
4051    0
4052    0
4053    3.2
4054    0
4055    0
4056    0
4057    0
4058    0
4059    0
4060    15.2
4061    31.7
4062    4.3
4063    25.3
4064    23.5
4065    25.2
4066    3.1
4067    0
4068    0
4069    0
4070    0
4071    0
4072    15
4073    25.7
4074    34.3
4075    23.7
4076    35.2
4077    22.7
4078    15.9
4079    58.3
4080    34
4081    9.6
4082    18.9
4083    6.5
4084    0
4085    27.1
4086    0
4087    0
4088    0
4089    0
4090    0
4091    0
4092    0
4093    0
4094    0
4095    0
4096    0
4097    0
4098    0
4099    2.6
4100    12.3
4101    0
4102    0
4103    0
4104    0
4105    13.1
4106    9
4107    0
4108    0
4109    0
4110    6.5
4111    0
4112    11.9
4113    35.7
4114    14.3
4115    0
4116    0
4117    0
4118    0
4119    0
4120    0
4121    0
4122    0
4123    0
4124    0
4125    3.1
4126    1.3
4127    2.2
4128    6.2
4129    56.7
4130    0
4131    0
4132    0
4133    0
4134    0
4135    0
4136    0
4137    0
4138    0
4139    0
4140    0
4141    0
4142    0
4143    17.7
4144    20
4145    0
4146    0
4147    10
4148    0
4149    13.9
4150    0
4151    0
4152    0
4153    0
4154    0
4155    0
4156    0
4157    0
4158    0
4159    19.6
4160    0
4161    0
4162    0
4163    0
4164    0
4165    0
4166    28.6
4167    0
4168    0
4169    0
4170    0
4171    0
4172    0
4173    0
4174    0
4175    15.8
4176    4
4177    86.7
4178    1.7
4179    6.9
4180    0
4181    0
4182    0
4183    0
4184    0
4185    0
4186    0
4187    7.2
4188    94.6
4189    0
4190    1.4
4191    0
4192    0
4193    0
4194    15.9
4195    0
4196    29.1
4197    37.8
4198    0
4199    0
4200    0
4201    0
4202    0
4203    0
4204    0
4205    4.4
4206    0
4207    0
4208    0
4209    0
4210    0
4211    0
4212    0
4213    0
4214    4.2
4215    0
4216    0
4217    0
4218    0
4219    0
4220    0
4221    0
4222    0
4223    0
4224    0
4225    0
4226    12.9
4227    0
4228    0
4229    0
4230    0
4231    0
4232    0
4233    5.2
4234    4.9
4235    3.4
4236    0
4237    0
4238    0
4239    16.2
4240    0
4241    0.6
4242    8.4
4243    0
4244    0
4245    0
4246    0
4247    0
4248    0
4249    0
4250    0
4251    0
4252    0
4253    0
4254    3.2
4255    0
4256    0
4257    0
4258    2.8
4259    0
4260    5.9
4261    0
4262    0
4263    0
4264    2.3
4265    5.3
4266    1.4
4267    6.9
4268    54.7
4269    16.3
4270    0
4271    0
4272    0
4273    13.7
4274    0
4275    3.8
4276    0
4277    4.5
4278    42.3
4279    0
4280    1.2
4281    0
4282    0
4283    0
4284    0
4285    0.9
4286    0
4287    0
4288    0
4289    31.4
4290    0
4291    39.5
4292    0
4293    0
4294    0
4295    0
4296    0
4297    22.1
4298    0
4299    25.1
4300    14.3
4301    5.1
4302    80.5
4303    74.5
4304    2.8
4305    0
4306    9.3
4307    0
4308    10.3
4309    0.9
4310    0
4311    5.2
4312    0
4313    0
4314    2.5
4315    0
4316    0
4317    0
4318    0
4319    0
4320    20.5
4321    38.5
4322    31.1
4323    0
4324    0
4325    0
4326    2.2
4327    1.9
4328    12.2
4329    0
4330    1
4331    0.3
4332    0
4333    1
4334    3.9
4335    0
4336    0
4337    0
4338    0
4339    13.1
4340    45.7
4341    0
4342    0
4343    0
4344    0
4345    0
4346    0
4347    9.6
4348    0
4349    0
4350    0
4351    0
4352    0
4353    0
4354    0
4355    6.4
4356    0
4357    61.3
4358    39.6
4359    0
4360    0
4361    0
4362    0
4363    4
4364    13.4
4365    0
4366    14.2
4367    1.4
4368    0
4369    4.7
4370    0
4371    0
4372    0
4373    3.5
4374    0
4375    0
4376    0
4377    0
4378    5.4
4379    0
4380    0
4381    1.3
4382    0.9
4383    0
4384    0
4385    0
4386    0
4387    12
4388    42.8
4389    0
4390    0
4391    1.2
4392    0
4393    0
4394    0
4395    0
4396    0
4397    0
4398    4.5
4399    0
4400    0
4401    0
4402    0
4403    0
4404    0
4405    0
4406    0
4407    0
4408    1.5
4409    0
4410    4.9
4411    8.8
4412    0
4413    0
4414    6.5
4415    12.8
4416    2.4
4417    3.7
4418    2.2
4419    11.4
4420    0
4421    0
4422    0
4423    0
4424    1.6
4425    0.4
4426    0
4427    18.5
4428    0
4429    0
4430    0
4431    1.3
4432    2.3
4433    0
4434    0
4435    5.7
4436    18.5
4437    0
4438    0
4439    0
4440    0
4441    0
4442    19.1
4443    0
4444    28.3
4445    1.9
4446    0
4447    0
4448    15.8
4449    14.4
4450    0
4451    0
4452    34.6
4453    5.1
4454    7.6
4455    8.6
4456    0
4457    8.9
4458    7
4459    0
4460    38.2
4461    1.4
4462    0
4463    3.2
4464    2.1
4465    1.8
4466    2.2
4467    0
4468    0
4469    0
4470    0
4471    0
4472    21.8
4473    0
4474    0
4475    1.4
4476    12
4477    1.5
4478    0
4479    0
4480    0
4481    4.4
4482    0
4483    22.9
4484    6.4
4485    4.3
4486    1
4487    0
4488    0
4489    0
4490    0
4491    0
4492    0
4493    0
4494    0
4495    1.6
4496    0
4497    0
4498    0
4499    0
4500    0
4501    12.9
4502    0
4503    1.9
4504    21.1
4505    80.1
4506    97
4507    37.3
4508    0
4509    0
4510    0
4511    0
4512    0
4513    3.2
4514    2.3
4515    0
4516    0
4517    0
4518    5.4
4519    0
4520    0
4521    0
4522    0
4523    0
4524    0
4525    0
4526    0
4527    0
4528    0
4529    0
4530    0
4531    1.7
4532    29.2
4533    0
4534    1.1
4535    19.5
4536    1.9
4537    0
4538    1.3
4539    29.1
4540    10.7
4541    4.1
4542    0
4543    0.6
4544    0
4545    0
4546    0
4547    0
4548    0
4549    0
4550    0
4551    7.7
4552    0
4553    0
4554    0
4555    21.7
4556    14.5
4557    18
4558    1.6
4559    0
4560    0
4561    0
4562    0
4563    0
<EndTimeSerie>