SERIE_INITIAL_DATA   : 2010.  1.  1.  0.  0.  0.0
TIME_UNITS : DAYS
!DAYS PRECIPITACAO
<BeginTimeSerie>
0    0
1    0
2    0
3    0
4    6.6
5    2.1
6    0.6
7    0
8    1.9
9    70.3
10    5.6
11    15.3
12    4.3
13    3.2
14    0
15    0
16    6.6
17    9.6
18    0
19    0
20    10.2
21    10.3
22    4.4
23    2.1
24    4.2
25    12.5
26    10.8
27    9.5
28    0
29    6.9
30    7.7
31    0
32    0
33    0
34    0
35    0
36    0
37    0
38    0
39    54.9
40    31.9
41    0
42    0
43    0
44    9.8
45    34.5
46    10.8
47    15.6
48    2.6
49    0
50    0
51    0
52    28.7
53    30.2
54    2.2
55    8.8
56    0
57    0
58    0.7
59    3.7
60    0
61    0
62    15.1
63    8.7
64    21.2
65    14.3
66    0
67    10.5
68    0
69    10.4
70    3.3
71    0
72    11.8
73    0
74    0
75    0
76    1.9
77    0
78    0
79    1.8
80    0
81    0
82    23.5
83    40.6
84    52.3
85    0
86    17.4
87    0
88    37.2
89    0
90    0
91    0
92    0
93    0
94    0
95    0
96    3.6
97    0
98    0
99    0
100    0
101    0
102    0
103    0.7
104    0
105    0
106    0
107    0
108    0
109    4.6
110    32.4
111    15.2
112    3.6
113    7.8
114    18.7
115    41.3
116    25.4
117    0
118    0
119    0
120    0
121    0
122    0
123    0
124    0
125    0
126    0
127    43.9
128    2.8
129    19.4
130    9.7
131    52.6
132    0
133    0.2
134    0
135    0
136    0
137    3.1
138    86.4
139    0
140    0
141    13.1
142    12.5
143    13.6
144    22.4
145    0
146    0
147    0
148    18.7
149    1.2
150    0
151    0
152    1.2
153    8
154    55.6
155    23.1
156    0
157    0
158    0
159    0.7
160    1
161    1.5
162    2.4
163    0
164    0
165    0
166    0
167    0
168    0
169    6.2
170    0
171    0
172    26.4
173    0
174    0
175    0.9
176    0
177    0
178    0
179    0
180    0
181    0
182    0
183    0
184    0
185    0
186    0
187    0
188    0
189    0
190    6.7
191    0
192    0.2
193    33.3
194    0
195    0
196    7
197    6.7
198    21.1
199    12.8
200    25.6
201    0
202    0
203    29
204    3.2
205    0
206    0
207    0
208    0
209    0
210    0
211    0
212    48.3
213    1.3
214    0
215    0
216    30.9
217    1.6
218    0
219    0
220    0
221    0
222    0
223    4.3
224    1.6
225    0
226    0
227    0
228    0
229    0
230    0
231    0.2
232    0
233    0
234    0
235    0
236    0
237    0
238    0
239    0
240    0
241    0
242    1.5
243    2.7
244    0
245    0
246    0
247    0
248    0
249    0
250    0.8
251    0
252    0
253    0
254    26
255    0
256    0
257    0
258    0
259    0
260    0
261    0
262    2.6
263    6.2
264    37.8
265    18.7
266    3
267    0
268    0
269    11.2
270    6.2
271    6.8
272    0
273    0
274    27.9
275    0
276    0
277    12.8
278    0
279    2.6
280    29.6
281    2.1
282    1.1
283    0
284    0
285    0.3
286    0
287    12.6
288    0
289    0
290    10.2
291    0
292    0
293    0
294    0
295    2.8
296    0
297    0
298    7.9
299    0
300    0
301    0
302    35
303    0
304    0
305    0
306    0
307    0
308    0
309    23.4
310    0
311    0
312    0
313    17.5
314    0
315    0
316    0.7
317    0
318    0
319    30.3
320    12.2
321    8.8
322    0
323    0
324    4.5
325    11.2
326    35.5
327    1.4
328    6.4
329    0.7
330    0
331    0.9
332    10.8
333    7.4
334    0
335    5.9
336    21.2
337    0.8
338    12.6
339    2.9
340    0
341    11.4
342    4.2
343    0
344    2.7
345    0
346    0
347    23.8
348    0.2
349    0
350    9.8
351    10.3
352    0
353    0
354    0
355    69.5
356    31
357    7.1
358    1
359    0
360    0
361    0
362    0
363    5.6
364    3.2
365    0
366    0
367    1.6
368    0
369    0
370    97.9
371    13.9
372    1.3
373    0
374    7.5
375    3.7
376    9.9
377    54.7
378    0
379    2.1
380    23.5
381    1.7
382    0.8
383    32.4
384    4.2
385    3.6
386    54.8
387    28.3
388    0.1
389    76.3
390    4.4
391    0
392    4.5
393    0
394    4.6
395    0
396    0
397    44.9
398    0
399    3.9
400    0
401    11.2
402    18.3
403    0
404    9.6
405    37.6
406    37.7
407    24.7
408    2.1
409    27.8
410    5.1
411    5
412    0.4
413    0
414    0.3
415    0
416    36
417    22.8
418    13.1
419    3.7
420    17.5
421    7.1
422    30.7
423    2.6
424    0
425    10.7
426    5.1
427    7.8
428    0.3
429    0
430    5.2
431    2.4
432    5.9
433    2.2
434    39.2
435    6.1
436    30.5
437    0
438    0
439    0
440    0
441    0
442    2
443    0
444    0
445    3.4
446    1.7
447    0
448    2.3
449    3.9
450    4.7
451    2.8
452    11.8
453    25.4
454    12.5
455    5.1
456    0.2
457    0
458    0
459    1.7
460    0
461    0
462    0
463    0
464    11.9
465    0
466    0
467    0.8
468    0
469    7.2
470    0
471    0
472    0
473    0
474    2.8
475    15.8
476    0
477    0.8
478    7.5
479    0
480    0
481    0
482    3.8
483    0
484    6.7
485    4.5
486    0
487    0
488    0
489    0
490    0
491    0
492    0
493    0
494    1.2
495    29.4
496    0
497    0
498    0
499    22.7
500    16.7
501    3.1
502    0
503    33.4
504    7.1
505    9.3
506    2.4
507    0
508    0.9
509    0
510    0
511    0
512    0
513    0
514    0
515    0
516    0
517    0
518    0
519    2.1
520    0
521    0
522    2.4
523    19.4
524    0.3
525    0
526    0
527    0
528    0
529    0
530    0
531    0
532    0
533    0.5
534    0
535    0
536    0.2
537    7.9
538    13.4
539    0.6
540    7.5
541    25.2
542    2.3
543    0
544    0
545    16.7
546    30
547    12.5
548    25.6
549    0
550    0
551    0
552    0
553    0
554    0
555    0
556    0.6
557    0
558    5.9
559    4.3
560    0
561    0
562    0
563    28.8
564    2.3
565    1
566    26.6
567    4.6
568    0.3
569    0.5
570    8.6
571    1.9
572    0
573    0
574    0
575    28.7
576    0.5
577    23.1
578    29.3
579    0.4
580    0
581    0
582    0
583    0
584    18.9
585    43.9
586    47.5
587    13.4
588    0
589    0
590    0
591    10.4
592    0.3
593    0
594    0
595    0
596    0
597    0
598    0
599    48.7
600    9.5
601    17.9
602    8.4
603    0
604    3.6
605    33.8
606    58.3
607    19.4
608    0
609    0
610    0
611    0
612    0
613    27.7
614    37.8
615    80.3
616    74.4
617    1.3
618    0
619    0
620    0
621    0
622    0
623    8.9
624    1.6
625    9.8
626    8.5
627    15.1
628    6.8
629    0
630    0
631    1.6
632    4.7
633    0
634    0
635    0
636    0
637    0
638    0
639    7.2
640    0
641    0
642    0
643    0
644    0.4
645    0.6
646    8.1
647    0
648    2.1
649    0
650    27.2
651    27.2
652    0
653    7.2
654    0.4
655    0
656    4.4
657    6.6
658    24.8
659    0
660    0
661    0
662    11.6
663    0
664    0
665    0.7
666    0
667    3.8
668    0
669    0
670    0.7
671    0
672    0
673    0
674    0
675    21.9
676    0
677    0
678    0
679    2.8
680    1.9
681    2.7
682    8.5
683    8.6
684    22.4
685    0
686    0
687    0
688    0
689    3
690    1.4
691    4.9
692    0
693    0
694    0.6
695    16.2
696    11
697    3.4
698    6.1
699    5.8
700    0
701    0
702    4.2
703    0
704    0
705    0.4
706    13.4
707    47.4
708    13.9
709    0.3
710    0.4
711    10.4
712    35.9
713    2.2
714    4.3
715    0
716    0
717    0
718    0
719    0
720    16.3
721    0
722    0
723    7.9
724    18.4
725    0
726    8.7
727    5.3
728    0
729    17.1
730    42.5
731    0.6
732    0
733    0
734    6.9
735    1.2
736    0
737    9.9
738    21
739    19.8
740    7.1
741    2.6
742    0
743    67.7
744    35.6
745    15.3
746    21.3
747    2.6
748    0.8
749    0.6
750    0
751    13.6
752    7.6
753    6.9
754    54.6
755    16.4
756    1.3
757    1.4
758    0
759    2
760    0.9
761    0
762    0
763    0
764    0
765    0
766    43.2
767    4.2
768    23.3
769    0.6
770    32.5
771    13.5
772    0
773    0.8
774    1.3
775    3.8
776    0.4
777    0
778    0
779    0
780    0
781    0.4
782    0.6
783    0
784    2
785    5.1
786    9.6
787    0.4
788    0
789    0.8
790    0.8
791    2.8
792    0
793    1.3
794    2.4
795    0
796    0
797    0
798    0
799    0
800    0
801    0
802    0
803    4.6
804    23.8
805    0
806    0
807    0
808    1.1
809    0
810    0
811    3.1
812    49.4
813    5.8
814    0
815    0
816    2.8
817    0
818    0
819    0
820    0.4
821    0
822    7.8
823    0
824    0
825    0
826    1.8
827    0
828    3.1
829    0
830    0
831    2.6
832    2.3
833    4.3
834    5
835    7.5
836    0
837    0
838    0
839    1.2
840    0
841    0
842    0
843    0
844    4.1
845    6.1
846    36
847    0.6
848    23.8
849    0
850    0
851    0
852    0
853    0.5
854    7.4
855    9.6
856    0
857    7
858    0
859    0
860    0
861    0
862    0.4
863    0.3
864    0
865    0
866    0.5
867    0.4
868    6.3
869    3.7
870    9.3
871    25.9
872    3.7
873    0
874    0
875    25
876    7.9
877    0
878    0
879    0
880    0
881    1
882    0
883    0
884    9.7
885    19.4
886    21.2
887    0
888    0
889    0
890    0
891    0
892    14.2
893    0
894    0
895    0
896    0
897    0
898    0
899    42.3
900    0
901    4.7
902    3.8
903    2
904    10.9
905    0
906    0
907    8.1
908    8.9
909    0
910    0
911    0
912    0
913    0
914    0
915    0
916    0
917    0
918    12.8
919    5
920    0
921    0
922    3.9
923    5.1
924    0
925    0
926    0
927    0
928    5.5
929    14.6
930    4.7
931    0
932    0
933    0
934    0
935    13.2
936    16.3
937    5.7
938    44.5
939    5.3
940    4.3
941    7.4
942    28.9
943    13.7
944    1.4
945    0
946    0
947    0
948    0
949    0
950    0
951    0
952    0
953    0
954    0
955    0
956    0
957    0
958    6
959    0.4
960    0.9
961    1
962    0
963    0
964    0
965    0
966    0
967    0
968    0
969    0
970    0
971    9.4
972    5.9
973    0
974    0
975    0
976    0
977    0
978    0
979    0
980    0
981    0
982    0
983    8.7
984    32.2
985    0
986    2.5
987    0
988    0
989    0
990    0
991    0
992    21.6
993    4.8
994    5.8
995    0
996    0
997    0
998    0
999    0
1000    4.7
1001    2.4
1002    8.7
1003    8.5
1004    3.2
1005    9.3
1006    0
1007    2.6
1008    0
1009    0
1010    0
1011    0
1012    0
1013    23.5
1014    11.3
1015    6.3
1016    4.2
1017    4.6
1018    0
1019    1.1
1020    4.3
1021    0.6
1022    0
1023    0
1024    0
1025    0.7
1026    37.3
1027    6
1028    0
1029    9.7
1030    4.8
1031    0
1032    0
1033    0
1034    0
1035    0
1036    0
1037    0
1038    0
1039    19.3
1040    0
1041    0
1042    23.6
1043    36.4
1044    7.7
1045    1.2
1046    1.4
1047    2.5
1048    2.6
1049    2.8
1050    3.2
1051    0
1052    0
1053    0
1054    8.8
1055    13.9
1056    0
1057    0
1058    31.2
1059    0
1060    3.4
1061    1.4
1062    15.1
1063    0
1064    2.3
1065    4
1066    8.1
1067    7.8
1068    0
1069    0
1070    0.7
1071    0
1072    1.8
1073    1.3
1074    0.9
1075    0
1076    2.9
1077    0.5
1078    22.1
1079    0
1080    8.7
1081    11.8
1082    0
1083    0
1084    16.1
1085    8.3
1086    17.2
1087    0
1088    0
1089    0
1090    0
1091    1.1
1092    9.7
1093    2.4
1094    18.5
1095    5
1096    16.3
1097    7.2
1098    0
1099    0
1100    7.7
1101    16.7
1102    0
1103    1.2
1104    9.6
1105    5.4
1106    0
1107    0
1108    0
1109    0.5
1110    7.8
1111    9.3
1112    8.1
1113    0
1114    0
1115    1.8
1116    9.4
1117    8.9
1118    7.6
1119    6.9
1120    0
1121    0.3
1122    0
1123    0
1124    2.6
1125    0
1126    0
1127    0
1128    0
1129    0
1130    12.9
1131    14.7
1132    7.8
1133    0.8
1134    21.8
1135    20.5
1136    0
1137    3.5
1138    38.8
1139    20.5
1140    0
1141    41.4
1142    18.3
1143    33.9
1144    8
1145    1.2
1146    15.7
1147    1.1
1148    0
1149    0
1150    0
1151    0
1152    13.3
1153    0
1154    0.4
1155    0
1156    0
1157    0
1158    0
1159    16.4
1160    78.6
1161    0
1162    6.3
1163    4.5
1164    38.3
1165    0
1166    0
1167    23.8
1168    5.1
1169    10.2
1170    15.9
1171    0
1172    4.3
1173    7.8
1174    16.3
1175    112.2
1176    0
1177    0
1178    0
1179    9
1180    0
1181    2.1
1182    0
1183    0
1184    0
1185    4.7
1186    10.8
1187    0.7
1188    20.5
1189    38.3
1190    22.3
1191    0
1192    0
1193    0
1194    31
1195    0
1196    2.2
1197    2.5
1198    0
1199    0
1200    0
1201    0
1202    0
1203    0
1204    0
1205    0
1206    0
1207    0
1208    0
1209    0
1210    0
1211    0
1212    0
1213    0
1214    0
1215    0
1216    0
1217    0
1218    0
1219    0
1220    0
1221    22.8
1222    0
1223    0
1224    0
1225    0
1226    0
1227    0
1228    0
1229    1.1
1230    0
1231    1.2
1232    0.4
1233    2.3
1234    2.2
1235    26.4
1236    0
1237    0
1238    0
1239    0
1240    0
1241    0
1242    0
1243    0
1244    0
1245    10.8
1246    0
1247    0
1248    34.8
1249    0
1250    0
1251    0
1252    0
1253    0
1254    0
1255    0
1256    0
1257    0
1258    0
1259    0
1260    0
1261    0
1262    9.6
1263    6.8
1264    0.6
1265    13.5
1266    4.1
1267    18.3
1268    25.5
1269    0
1270    6.6
1271    25.4
1272    2.5
1273    4.8
1274    0.6
1275    4
1276    11.8
1277    13.4
1278    0
1279    1.5
1280    0
1281    0
1282    0
1283    0
1284    1.6
1285    3.2
1286    4.3
1287    1.5
1288    0
1289    0
1290    0
1291    5.2
1292    0
1293    0
1294    0
1295    3.9
1296    9.3
1297    17
1298    6.9
1299    27.8
1300    0
1301    6.4
1302    0
1303    0
1304    0
1305    0
1306    0
1307    0
1308    0
1309    0
1310    0
1311    26.9
1312    0
1313    15.9
1314    0
1315    0
1316    0
1317    17.9
1318    31.2
1319    0
1320    12.7
1321    0
1322    0
1323    0
1324    0
1325    0
1326    2.3
1327    4.7
1328    0
1329    0
1330    0
1331    4.8
1332    7.2
1333    27
1334    14.9
1335    0.7
1336    0
1337    0
1338    0
1339    0
1340    1.8
1341    8.2
1342    7.2
1343    0
1344    0
1345    5.9
1346    0
1347    0
1348    0
1349    0
1350    0
1351    0
1352    0
1353    0
1354    12.8
1355    10.6
1356    32.7
1357    2
1358    19.4
1359    76.9
1360    85.2
1361    7.9
1362    8.3
1363    0
1364    0
1365    0
1366    0
1367    11.7
1368    0
1369    1.8
1370    0
1371    0
1372    12.8
1373    0
1374    0
1375    0
1376    0
1377    0
1378    0
1379    2.2
1380    0
1381    0
1382    0
1383    0
1384    0
1385    9.2
1386    8.4
1387    4.1
1388    7.3
1389    0.7
1390    0.9
1391    8.6
1392    11.6
1393    7.9
1394    13.2
1395    9.8
1396    0
1397    0
1398    0
1399    2.1
1400    3.4
1401    3.1
1402    3.4
1403    5.5
1404    0
1405    0
1406    0
1407    1.7
1408    1.5
1409    4.3
1410    3.2
1411    8.4
1412    0
1413    0
1414    0
1415    0
1416    0
1417    0.4
1418    0.7
1419    1.6
1420    3.4
1421    2.1
1422    3.7
1423    5.4
1424    9.8
1425    3.4
1426    2.1
1427    3.3
1428    3.6
1429    3.2
1430    2.1
1431    3.8
1432    5.7
1433    0
1434    3.4
1435    28.7
1436    0
1437    0
1438    0
1439    21.2
1440    1.5
1441    0.4
1442    0.6
1443    0.8
1444    38.1
1445    17.1
1446    3.5
1447    0
1448    0
1449    1.2
1450    0
1451    0
1452    1.9
1453    2.3
1454    0
1455    0
1456    0
1457    0
1458    0
1459    0
1460    63.4
1461    0
1462    1.7
1463    39.4
1464    41.6
1465    4.5
1466    0.5
1467    0.7
1468    0
1469    5.9
1470    0
1471    18.6
1472    14.1
1473    15.4
1474    0
1475    0
1476    2.1
1477    3.9
1478    0
1479    0
1480    0
1481    0
1482    0
1483    0
1484    0
1485    0
1486    0
1487    0
1488    0
1489    0
1490    0
1491    0
1492    39.1
1493    39.4
1494    0
1495    0
1496    0
1497    0
1498    0
1499    0
1500    0
1501    0
1502    0
1503    0
1504    0
1505    41.6
1506    11.6
1507    0
1508    0.9
1509    6.4
1510    13.3
1511    0
1512    1.2
1513    13.7
1514    0.8
1515    33.5
1516    5.8
1517    23.2
1518    72.9
1519    0
1520    0
1521    0
1522    0
1523    0
1524    18.8
1525    0
1526    0
1527    0
1528    28.3
1529    0
1530    37.1
1531    13.1
1532    1.5
1533    28.6
1534    0
1535    2.9
1536    0
1537    6.3
1538    31.5
1539    4.9
1540    0
1541    0
1542    0
1543    0
1544    0
1545    0
1546    35.1
1547    9.2
1548    0
1549    0
1550    33.3
1551    4.7
1552    2.6
1553    9.2
1554    5.5
1555    0
1556    0
1557    0
1558    0
1559    22.3
1560    0
1561    0
1562    0.4
1563    6.6
1564    0
1565    0
1566    0.5
1567    4
1568    0
1569    0
1570    11.4
1571    0
1572    6.6
1573    1.1
1574    0.6
1575    0
1576    1.4
1577    1.7
1578    4.6
1579    0
1580    0
1581    24
1582    1
1583    0
1584    0
1585    0
1586    0
1587    0
1588    2.9
1589    0
1590    0
1591    5.1
1592    0
1593    0
1594    0
1595    0
1596    6.8
1597    0
1598    0
1599    0
1600    0
1601    0
1602    15.5
1603    17.1
1604    4.8
1605    0
1606    35.7
1607    0
1608    0
1609    0
1610    0
1611    9.7
1612    9.1
1613    0
1614    0
1615    0
1616    15
1617    37.4
1618    14.1
1619    14.5
1620    30.2
1621    0
1622    0
1623    7.9
1624    0.8
1625    1.4
1626    3.1
1627    2.3
1628    6.2
1629    6.8
1630    7.4
1631    0
1632    0
1633    0
1634    0.7
1635    0.6
1636    0
1637    10.2
1638    45.9
1639    59.1
1640    45.9
1641    0.7
1642    0
1643    0
1644    0
1645    0
1646    0
1647    0
1648    0
1649    6.2
1650    1.4
1651    2.3
1652    1.1
1653    2.5
1654    0
1655    1.8
1656    4.7
1657    9.1
1658    0
1659    0
1660    0
1661    0
1662    0
1663    0
1664    0.6
1665    18.1
1666    19.3
1667    0
1668    0
1669    0
1670    1.4
1671    0
1672    1.8
1673    2.9
1674    9.6
1675    0
1676    0
1677    9.6
1678    0
1679    0
1680    0
1681    0
1682    0
1683    0
1684    0
1685    0
1686    8.4
1687    0
1688    23.7
1689    21.6
1690    0
1691    0
1692    0
1693    0
1694    0
1695    0
1696    0
1697    0
1698    0
1699    1.4
1700    0
1701    0
1702    0
1703    21.3
1704    7.3
1705    0
1706    19.9
1707    13
1708    15.9
1709    4.7
1710    2.5
1711    0
1712    0
1713    0
1714    0
1715    0
1716    0
1717    0
1718    0
1719    0
1720    0
1721    5.5
1722    12.4
1723    11.3
1724    0
1725    0
1726    0
1727    4.7
1728    15.3
1729    17.4
1730    13.2
1731    20.1
1732    24.4
1733    6.9
1734    27.3
1735    0
1736    0
1737    5.1
1738    1.4
1739    0
1740    0
1741    0
1742    0
1743    0
1744    0
1745    16.2
1746    0
1747    62.7
1748    0
1749    0
1750    2.3
1751    7.4
1752    4.9
1753    4.1
1754    0
1755    0
1756    0
1757    0
1758    4.3
1759    3.7
1760    10.1
1761    0
1762    1.5
1763    0
1764    7.8
1765    0
1766    0
1767    8.6
1768    22.4
1769    5.6
1770    1.8
1771    5.8
1772    0
1773    0
1774    0
1775    0
1776    0
1777    0
1778    3.4
1779    0
1780    0
1781    0
1782    0
1783    0
1784    3.5
1785    0
1786    8.5
1787    0
1788    0.8
1789    1.1
1790    38.5
1791    0
1792    0
1793    4.8
1794    0.7
1795    0
1796    0
1797    0
1798    0
1799    0
1800    0
1801    0
1802    0
1803    0
1804    23.2
1805    3.8
1806    0
1807    14.7
1808    25
1809    0
1810    0
1811    0
1812    0
1813    3.2
1814    11.7
1815    1.5
1816    16.4
1817    12.9
1818    0.9
1819    0.9
1820    0.8
1821    42.8
1822    13.7
1823    4.5
1824    3.9
1825    6.1
1826    8.4
1827    6.9
1828    1.4
1829    3.1
1830    5.6
1831    4.9
1832    0
1833    46.8
1834    59.1
1835    9.1
1836    37
1837    0
1838    0
1839    0
1840    3.5
1841    35.4
1842    17.3
1843    3.7
1844    16.6
1845    0.6
1846    40.2
1847    1.1
1848    0
1849    0
1850    0.7
1851    18.3
1852    1.4
1853    0.5
1854    0
1855    2.3
1856    6.7
1857    3.2
1858    3.1
1859    1.2
1860    7.2
1861    2.9
1862    7
1863    1.1
1864    0
1865    0
1866    0
1867    0
1868    39.6
1869    11
1870    8.1
1871    13.3
1872    1.1
1873    3.2
1874    8.3
1875    13.5
1876    2.5
1877    5.9
1878    1.3
1879    0
1880    9.8
1881    13.3
1882    0
1883    12.5
1884    0
1885    3.1
1886    8.1
1887    4.3
1888    12.7
1889    18.4
1890    0
1891    0
1892    0
1893    0
1894    0.6
1895    7.1
1896    0
1897    1.4
1898    0
1899    5.2
1900    3.4
1901    0
1902    0.7
1903    7.1
1904    1.4
1905    0.6
1906    2.3
1907    0
1908    8.6
1909    0.7
1910    0
1911    9.7
1912    4.8
1913    38.1
1914    44.3
1915    3.1
1916    0
1917    0
1918    0
1919    0
1920    0
1921    32.8
1922    1.7
1923    0
1924    0
1925    0
1926    0
1927    0
1928    0
1929    1.2
1930    5.2
1931    6.4
1932    11.5
1933    17.4
1934    1.2
1935    0.7
1936    2.6
1937    19.1
1938    16.8
1939    1.5
1940    0
1941    0
1942    0
1943    0
1944    0.6
1945    0.4
1946    0
1947    7.2
1948    12.3
1949    0
1950    0
1951    0
1952    0
1953    0
1954    0
1955    2.1
1956    7.9
1957    14.9
1958    0
1959    0
1960    4.1
1961    8.9
1962    2.1
1963    10.4
1964    16.7
1965    31.8
1966    4.9
1967    6.6
1968    0
1969    0
1970    27.5
1971    1.8
1972    63.1
1973    9.5
1974    1.1
1975    1.4
1976    0
1977    0
1978    0
1979    0
1980    0
1981    0
1982    0
1983    0
1984    0
1985    0
1986    0
1987    0.8
1988    7.9
1989    18.9
1990    40.8
1991    27.7
1992    0
1993    0
1994    24
1995    0.6
1996    0.8
1997    0.7
1998    1.1
1999    0
2000    0.7
2001    0.9
2002    0.8
2003    0
2004    0
2005    0
2006    0
2007    2.5
2008    2.4
2009    2.3
2010    4.1
2011    0
2012    2.3
2013    22.7
2014    24.7
2015    17.1
2016    1.4
2017    1.2
2018    5.4
2019    1.2
2020    11.7
2021    26.5
2022    12.1
2023    16.7
2024    1.8
2025    3.4
2026    0
2027    21
2028    0
2029    12.3
2030    20.4
2031    0.9
2032    0.4
2033    0
2034    0
2035    0
2036    0
2037    0
2038    0
2039    0
2040    0
2041    0
2042    0
2043    0
2044    0
2045    0
2046    0
2047    3.7
2048    0
2049    0
2050    0
2051    0
2052    0
2053    0
2054    0
2055    0
2056    11.4
2057    0
2058    0.8
2059    1.3
2060    2.7
2061    0
2062    3.4
2063    6.6
2064    37.4
2065    0
2066    0
2067    0
2068    0
2069    0
2070    12.1
2071    1.5
2072    0
2073    8.4
2074    6.8
2075    8.4
2076    20.4
2077    0
2078    0
2079    41.4
2080    0
2081    0
2082    0
2083    0
2084    0.8
2085    53.6
2086    7.5
2087    14.4
2088    8.5
2089    0
2090    0
2091    0
2092    0
2093    38.4
2094    7.6
2095    84
2096    17.5
2097    0
2098    0
2099    0
2100    9.5
2101    10.1
2102    0.4
2103    1.2
2104    2.1
2105    9.6
2106    8.8
2107    32.7
2108    41.1
2109    18.1
2110    12.1
2111    1.6
2112    19.8
2113    4
2114    42.2
2115    0
2116    0
2117    0
2118    2.3
2119    25.9
2120    50
2121    9.7
2122    0
2123    0
2124    1.2
2125    6.5
2126    7
2127    20.1
2128    6.2
2129    8.4
2130    9.1
2131    8.3
2132    8.7
2133    16.1
2134    35.2
2135    8.2
2136    0
2137    9.4
2138    4.3
2139    0
2140    0
2141    2.8
2142    2.1
2143    0
2144    0
2145    0
2146    1.3
2147    16.1
2148    0
2149    0
2150    5.4
2151    0
2152    1
2153    1.4
2154    1.6
2155    3.9
2156    5.4
2157    12.6
2158    23.3
2159    2.8
2160    0
2161    0.7
2162    3.1
2163    13
2164    0
2165    0
2166    0
2167    0
2168    1.8
2169    25.7
2170    1.9
2171    3.9
2172    0
2173    2.5
2174    0
2175    0
2176    0
2177    0
2178    0
2179    4.9
2180    8.7
2181    12.9
2182    15.4
2183    9.8
2184    2.8
2185    25.4
2186    24.3
2187    29.1
2188    55.7
2189    18.2
2190    2.3
2191    13.4
2192    7.3
2193    9.7
2194    12.6
2195    5.9
2196    6
2197    0.8
2198    10.1
2199    5
2200    9.8
2201    12.5
2202    4.9
2203    0
2204    8.1
2205    18.3
2206    12.7
2207    0
2208    0
2209    0
2210    0
2211    0
2212    6.3
2213    0
2214    0
2215    0
2216    0
2217    25.7
2218    29.4
2219    16.1
2220    0
2221    20.9
2222    12.1
2223    17.8
2224    5.1
2225    13.4
2226    0
2227    25.6
2228    0
2229    0
2230    0
2231    6.5
2232    28.7
2233    0
2234    0
2235    0
2236    0
2237    0
2238    6.6
2239    0
2240    0
2241    1.8
2242    18.9
2243    6.9
2244    1.9
2245    0
2246    0.6
2247    6.3
2248    0
2249    5.9
2250    0
2251    0
2252    0
2253    8.7
2254    84.9
2255    0
2256    0
2257    0
2258    0
2259    0
2260    30.9
2261    1.4
2262    2.5
2263    0
2264    0
2265    0
2266    0
2267    1.3
2268    0
2269    0
2270    0
2271    0.7
2272    5.4
2273    0
2274    0
2275    12.4
2276    58.1
2277    1.9
2278    0
2279    0
2280    0
2281    0
2282    7.9
2283    0
2284    0
2285    13.2
2286    1.1
2287    0
2288    0
2289    7.7
2290    7.8
2291    27.8
2292    12.8
2293    17.2
2294    8.4
2295    10.2
2296    0
2297    0
2298    0
2299    0
2300    0
2301    0
2302    0
2303    3.9
2304    32.1
2305    0
2306    0
2307    0
2308    36.2
2309    0
2310    0
2311    0
2312    0
2313    0
2314    0
2315    0
2316    0
2317    1.4
2318    4.6
2319    0
2320    0
2321    0
2322    0
2323    0
2324    0.9
2325    3.1
2326    1.8
2327    17.1
2328    0
2329    0
2330    0
2331    0
2332    24.3
2333    12.1
2334    2.2
2335    0
2336    1.9
2337    3.4
2338    0
2339    0
2340    2.6
2341    7.7
2342    0
2343    0
2344    0
2345    5.5
2346    0
2347    0
2348    0.4
2349    0.7
2350    0
2351    0
2352    0
2353    0
2354    0
2355    0
2356    0
2357    0
2358    0
2359    5.7
2360    9.8
2361    4.7
2362    0
2363    0
2364    11.4
2365    2.6
2366    0
2367    0
2368    0
2369    0
2370    0
2371    0
2372    0
2373    0
2374    0
2375    0
2376    0
2377    0
2378    0
2379    1.1
2380    0
2381    0
2382    0
2383    0
2384    0
2385    0
2386    39.2
2387    30.8
2388    41.8
2389    0
2390    0
2391    0
2392    0
2393    0
2394    0
2395    0
2396    0
2397    0
2398    0
2399    2
2400    0
2401    0
2402    0
2403    0
2404    0
2405    0
2406    8.3
2407    1.2
2408    0.9
2409    0
2410    7
2411    1.4
2412    4.2
2413    0
2414    0
2415    0
2416    0
2417    0
2418    16.9
2419    0
2420    0
2421    2.8
2422    13.6
2423    35.1
2424    12.1
2425    2.9
2426    0
2427    0
2428    0
2429    0
2430    0
2431    0
2432    0
2433    13.8
2434    0
2435    0.4
2436    0
2437    0
2438    48.6
2439    24.5
2440    21.1
2441    0
2442    0
2443    0
2444    0
2445    0
2446    0.8
2447    5.7
2448    0
2449    0
2450    0
2451    0
2452    1.9
2453    3.7
2454    0
2455    0.9
2456    2.2
2457    0
2458    0
2459    0
2460    0
2461    0
2462    0
2463    0
2464    0
2465    0.9
2466    5.4
2467    1.9
2468    31.2
2469    3.8
2470    24.1
2471    7.7
2472    1.7
2473    0
2474    0
2475    0
2476    5.4
2477    21.2
2478    2.3
2479    0
2480    0
2481    8.3
2482    33.3
2483    3.2
2484    36.8
2485    2.8
2486    0.7
2487    0.4
2488    0
2489    4
2490    30.5
2491    7.3
2492    0
2493    0
2494    0
2495    0
2496    2.5
2497    0
2498    0
2499    0
2500    0
2501    0
2502    0
2503    0
2504    1.1
2505    9.9
2506    0
2507    0
2508    0
2509    0
2510    2.1
2511    2.6
2512    18.6
2513    4.2
2514    0
2515    0
2516    0
2517    0
2518    2.5
2519    0.7
2520    0
2521    0.6
2522    0
2523    6.7
2524    19.6
2525    13.3
2526    0
2527    4.9
2528    13.8
2529    39.9
2530    22.2
2531    0
2532    1.1
2533    7.1
2534    12.7
2535    3.7
2536    24.6
2537    8.9
2538    1.4
2539    16.8
2540    0
2541    1.8
2542    7.5
2543    11.1
2544    0
2545    0
2546    9.8
2547    3
2548    0.9
2549    1.1
2550    0.8
2551    1.2
2552    0
2553    12.4
2554    42.7
2555    30.5
2556    77.9
2557    14.4
2558    27.4
2559    0
2560    0
2561    7.7
2562    27.7
2563    0
2564    0
2565    9.1
2566    4.2
2567    10.7
2568    4.2
2569    0
2570    0
2571    0
2572    2.4
2573    0
2574    13.6
2575    11.8
2576    0
2577    0
2578    0
2579    9
2580    1.6
2581    21.6
2582    8.2
2583    47
2584    0
2585    0
2586    15.6
2587    17.2
2588    6.2
2589    18.3
2590    13.2
2591    0.3
2592    6.3
2593    9.3
2594    25.4
2595    0
2596    0.7
2597    0
2598    0
2599    30.8
2600    8.5
2601    1.3
2602    0
2603    0
2604    0
2605    5.4
2606    0
2607    15.5
2608    0
2609    0
2610    0
2611    11.7
2612    12.1
2613    2.1
2614    1.4
2615    2.3
2616    11.2
2617    1.1
2618    0
2619    0
2620    0
2621    0
2622    0.6
2623    65.5
2624    2.2
2625    9.3
2626    0
2627    0
2628    8.8
2629    0
2630    0.6
2631    1.9
2632    0
2633    0
2634    0.7
2635    7.1
2636    1.4
2637    11.8
2638    2.2
2639    25.8
2640    10
2641    0
2642    7.8
2643    4.1
2644    6.9
2645    2.1
2646    6.7
2647    6
2648    0.8
2649    6.7
2650    11.5
2651    3.7
2652    9.1
2653    4.7
2654    6.7
2655    6.9
2656    7.2
2657    1.5
2658    0
2659    0
2660    0
2661    0
2662    1.7
2663    3.8
2664    8.5
2665    7.9
2666    6.8
2667    6.5
2668    2.2
2669    0
2670    2.4
2671    7.8
2672    16.3
2673    0
2674    0
2675    0
2676    0
2677    0
2678    0
2679    0
2680    0
2681    0.4
2682    0.5
2683    0
2684    3.8
2685    0
2686    0
2687    0
2688    0
2689    0
2690    6.3
2691    0
2692    0
2693    0
2694    8.1
2695    44.1
2696    20
2697    17.2
2698    27.4
2699    0
2700    33
2701    0
2702    10.8
2703    45.4
2704    39.7
2705    18
2706    4.5
2707    38.4
2708    67.9
2709    0.8
2710    0
2711    1.7
2712    78.6
2713    14
2714    4
2715    8.2
2716    0
2717    0
2718    0
2719    0
2720    0
2721    0
2722    0
2723    0
2724    0
2725    0
2726    2.7
2727    6.3
2728    0.7
2729    3.5
2730    3.9
2731    0.5
2732    0
2733    0
2734    0
2735    0
2736    0
2737    0
2738    0
2739    0
2740    0
2741    3.2
2742    0
2743    0
2744    0
2745    0
2746    0
2747    0
2748    0
2749    0
2750    0
2751    0
2752    0
2753    0
2754    0
2755    17.2
2756    0
2757    0
2758    0
2759    0
2760    0
2761    0
2762    0
2763    0
2764    0
2765    0
2766    0
2767    0
2768    0
2769    0
2770    0
2771    35.4
2772    12.7
2773    0
2774    0
2775    0
2776    0
2777    10.4
2778    0
2779    5.4
2780    8.4
2781    13.1
2782    19.3
2783    0
2784    0
2785    0
2786    0
2787    0
2788    19.5
2789    0
2790    1.9
2791    3.5
2792    2.9
2793    0.3
2794    0
2795    0
2796    0
2797    0
2798    0
2799    0
2800    3
2801    0
2802    0
2803    0
2804    0
2805    0
2806    0
2807    0
2808    0
2809    0
2810    0
2811    0
2812    0
2813    0
2814    0
2815    0
2816    1.6
2817    0.9
2818    0
2819    0
2820    0
2821    0
2822    0
2823    11.9
2824    2
2825    0
2826    0
2827    14.4
2828    3.6
2829    44.4
#REF!
#REF!
#REF!
#REF!
#REF!
#REF!
#REF!
#REF!
#REF!
#REF!
#REF!
#REF!
#REF!
#REF!
#REF!
#REF!
#REF!
#REF!
#REF!
#REF!
#REF!
#REF!
#REF!
#REF!
#REF!
#REF!
#REF!
#REF!
#REF!
#REF!
#REF!
2861    0
2862    0
2863    0
2864    0
2865    18
2866    0
2867    0.6
2868    7.7
2869    5.4
2870    0
2871    32.5
2872    0
2873    0
2874    0
2875    0
2876    0
2877    21.9
2878    28.9
2879    2.5
2880    0
2881    0
2882    1.8
2883    0
2884    0
2885    0
2886    2.4
2887    0
2888    0
2889    0
2890    0.6
2891    5.5
2892    1.8
2893    0
2894    36.2
2895    22.4
2896    8.1
2897    7.2
2898    15.8
2899    0
2900    4.1
2901    2
2902    0
2903    0
2904    0
2905    6.4
2906    0
2907    2.5
2908    0.3
2909    0.3
2910    0
2911    36.9
2912    2.4
2913    0
2914    17.3
2915    36.6
2916    0.8
2917    7.2
2918    27.8
2919    29.5
2920    10.4
2921    9.9
2922    7.1
2923    3.3
2924    13.9
2925    0
2926    0
2927    0
2928    0
2929    0.7
2930    10.4
2931    20.3
2932    44.7
2933    64.3
2934    3.3
2935    7.1
2936    4.1
2937    0
2938    11.7
2939    12.6
2940    0.8
2941    4.4
2942    0.4
2943    8.9
2944    5.5
2945    14.6
2946    44.7
2947    0
2948    3.6
2949    2.4
2950    3.1
2951    0
2952    0.3
2953    0.5
2954    0
2955    0
2956    0
2957    1.1
2958    0
2959    0
2960    7.1
2961    2.2
2962    0.7
2963    13.4
2964    19.1
2965    0
2966    0
2967    0
2968    1.7
2969    0
2970    0
2971    0
2972    4.7
2973    1.7
2974    2.2
2975    1.5
2976    1.1
2977    2.3
2978    11
2979    14.3
2980    40.3
2981    13.7
2982    18.1
2983    0.8
2984    2.4
2985    5.1
2986    1.5
2987    7.1
2988    0.3
2989    0
2990    1.4
2991    0
2992    0
2993    5.1
2994    0.8
2995    1.2
2996    1.8
2997    0
2998    0
2999    0
3000    1.1
3001    18.9
3002    0
3003    0
3004    2.8
3005    25.8
3006    1.9
3007    22.5
3008    14.1
3009    61.4
3010    6.5
3011    7.4
3012    19.5
3013    0
3014    0
3015    5.4
3016    2.6
3017    0
3018    0
3019    0
3020    0
3021    2.6
3022    0
3023    0
3024    0
3025    0
3026    0.6
3027    3.1
3028    4.5
3029    0.6
3030    0
3031    0
3032    0
3033    0
3034    0
3035    0
3036    0
3037    0
3038    0
3039    0
3040    0
3041    0
3042    2.6
3043    1.5
3044    5.5
3045    0
3046    0.6
3047    7.4
3048    3.7
3049    0.4
3050    1.8
3051    2.6
3052    0
3053    0
3054    0
3055    0
3056    0
3057    12.9
3058    0
3059    3.4
3060    38.1
3061    2.1
3062    0
3063    0
3064    0
3065    0
3066    0
3067    0
3068    0
3069    0
3070    3.1
3071    1.7
3072    0
3073    0
3074    0
3075    4.5
3076    0
3077    1.7
3078    8.9
3079    0
3080    0
3081    0
3082    0
3083    0
3084    5.3
3085    58.8
3086    0
3087    7.4
3088    0
3089    0
3090    1.1
3091    0.6
3092    0
3093    0
3094    0
3095    0
3096    0
3097    6.8
3098    1.4
3099    5.6
3100    0
3101    0.9
3102    12.3
3103    0
3104    0
3105    0.3
3106    22.1
3107    14.9
3108    0
3109    0
3110    0
3111    0
3112    0
3113    0
3114    0
3115    0
3116    0
3117    0
3118    0
3119    21.7
3120    0
3121    0
3122    0
3123    0
3124    0
3125    0
3126    0
3127    5
3128    5.7
3129    0
3130    0
3131    5.1
3132    0
3133    0
3134    0
3135    0.6
3136    11.2
3137    2.6
3138    0
3139    0
3140    0
3141    0
3142    2.3
3143    0
3144    0
3145    0
3146    0
3147    0
3148    0
3149    0
3150    0
3151    0
3152    0
3153    0
3154    24.5
3155    18.8
3156    8.7
3157    0.6
3158    21.3
3159    0
3160    0
3161    0
3162    0
3163    0
3164    0
3165    39.5
3166    21.4
3167    13.5
3168    44.3
3169    0.5
3170    0
3171    0
3172    0
3173    0
3174    0
3175    0
3176    5.7
3177    6.8
3178    8.5
3179    17.6
3180    11
3181    8
3182    15.7
3183    0
3184    0
3185    0
3186    0
3187    0
3188    0
3189    0
3190    0.4
3191    0.6
3192    6.7
3193    2.7
3194    1.8
3195    0
3196    11.3
3197    26.4
3198    6.7
3199    0
3200    0
3201    2.9
3202    1.9
3203    1.3
3204    13.1
3205    0.7
3206    1
3207    4.5
3208    0.6
3209    2.2
3210    0.3
3211    10.1
3212    4.8
3213    0
3214    0
3215    0
3216    1.3
3217    0
3218    3.9
3219    5.1
3220    6.9
3221    9.2
3222    0.9
3223    0
3224    2.3
3225    3.9
3226    29.2
3227    3.5
3228    0.8
3229    20.8
3230    0.9
3231    0
3232    0
3233    5.4
3234    11.9
3235    13.9
3236    5.5
3237    1.1
3238    1.3
3239    0
3240    0
3241    0
3242    0
3243    0
3244    13.4
3245    0
3246    0
3247    7.1
3248    0
3249    0
3250    18.4
3251    8.5
3252    0
3253    4.7
3254    11.4
3255    0
3256    26.7
3257    10.2
3258    1.1
3259    0
3260    0
3261    0.7
3262    0
3263    0
3264    0
3265    2.5
3266    0
3267    7.1
3268    0
3269    0
3270    10.7
3271    25.6
3272    0
3273    2.9
3274    2.6
3275    27.1
3276    6.1
3277    20.1
3278    15.2
3279    3.9
3280    2.8
3281    0.6
3282    26.1
3283    7.4
3284    4.4
3285    0
3286    0
3287    0
3288    0
3289    0
3290    1.7
3291    2.3
3292    7.2
3293    0
3294    18.1
3295    20.9
3296    0
3297    9.6
3298    0
3299    3.6
3300    12
3301    27.2
3302    1.8
3303    0
3304    48.6
3305    6.9
3306    0
3307    6.8
3308    0
3309    0
3310    0
3311    21.5
3312    1.5
3313    1.1
3314    9.2
3315    0
3316    0
3317    0
3318    13.6
3319    7.2
3320    14.6
3321    3.3
3322    0
3323    0.9
3324    0
3325    0
3326    0
3327    0
3328    0
3329    4.2
3330    2
3331    0
3332    14
3333    6.4
3334    13.7
3335    32
3336    0
3337    31.1
3338    0
3339    1.9
3340    0
3341    0
3342    16.5
3343    22.9
3344    0
3345    0
3346    0
3347    0
3348    0
3349    6.4
3350    0
3351    66.5
3352    37.5
3353    0
3354    2.1
3355    13.2
3356    1.3
3357    5.8
3358    16.2
3359    0
3360    31.3
3361    0
3362    0
3363    0.9
3364    7.9
3365    7.5
3366    0
3367    0
3368    3.2
3369    0
3370    0
3371    0
3372    3.8
3373    0.6
3374    7.1
3375    15.4
3376    0
3377    1.7
3378    0
3379    0
3380    0
3381    3.4
3382    17.5
3383    38.1
3384    14.7
3385    0
3386    0
3387    0
3388    0
3389    0
3390    0
3391    15.5
3392    0
3393    27.5
3394    0
3395    0
3396    0
3397    0
3398    0.8
3399    2.3
3400    1.4
3401    3.7
3402    0
3403    0.3
3404    0.7
3405    1.4
3406    0
3407    0
3408    0
3409    0
3410    0
3411    0
3412    0
3413    10
3414    0
3415    1.1
3416    1.4
3417    0
3418    24.1
3419    0
3420    15.6
3421    0
3422    0
3423    0.6
3424    4.3
3425    7.9
3426    0.7
3427    0.3
3428    1
3429    6.3
3430    2.4
3431    36.5
3432    0
3433    0
3434    8.7
3435    0
3436    31.5
3437    52.1
3438    0.6
3439    0.5
3440    3.2
3441    0
3442    0
3443    2.3
3444    1.8
3445    0
3446    0
3447    0
3448    0
3449    0
3450    0
3451    0
3452    0
3453    0
3454    0
3455    0
3456    0
3457    0
3458    0
3459    0
3460    0
3461    0
3462    0
3463    19.9
3464    2.2
3465    0
3466    0
3467    0
3468    2.7
3469    28.3
3470    2.7
3471    0
3472    0
3473    0
3474    0
3475    0
3476    0
3477    0
3478    0
3479    0
3480    0
3481    0
3482    10.4
3483    2.6
3484    9.9
3485    11.7
3486    1.4
3487    0
3488    0
3489    0
3490    0
3491    0
3492    0
3493    0
3494    3.7
3495    0.8
3496    0
3497    0
3498    0
3499    0
3500    0
3501    0
3502    0
3503    0
3504    7.3
3505    1.7
3506    0
3507    0
3508    0
3509    0
3510    1.1
3511    2.4
3512    0
3513    0
3514    0
3515    0
3516    0
3517    19.6
3518    0
3519    0
3520    0
3521    4.6
3522    0
3523    0
3524    2.8
3525    5.9
3526    3.9
3527    0
3528    0
3529    0
3530    10.6
3531    0
3532    0
3533    0
3534    0
3535    0
3536    13.9
3537    1.2
3538    0
3539    0
3540    0
3541    0
3542    3.7
3543    0
3544    1.1
3545    0
3546    0
3547    4.3
3548    0
3549    0
3550    0
3551    0
3552    0
3553    0.5
3554    0.4
3555    0
3556    7.3
3557    0
3558    0
3559    2.6
3560    4
3561    0
3562    0
3563    0
3564    0
3565    12.1
3566    7.6
3567    0
3568    0
3569    0
3570    0
3571    0
3572    0
3573    7.3
3574    4.4
3575    3.3
3576    11.5
3577    9.6
3578    0
3579    0
3580    2.4
3581    0
3582    0
3583    0
3584    19.5
3585    6
3586    3.2
3587    28.8
3588    8.3
3589    12.5
3590    0
3591    0.9
3592    6.5
3593    0
3594    11.4
3595    17.1
3596    10.9
3597    0
3598    4.7
3599    1.9
3600    20.3
3601    14.5
3602    9.2
3603    15.1
3604    15.8
3605    9.1
3606    0
3607    0
3608    0
3609    1.3
3610    1.4
3611    0
3612    0
3613    0
3614    0
3615    0
3616    0
3617    16.2
3618    2.8
3619    0
3620    0
3621    0
3622    8.9
3623    0
3624    0
3625    0
3626    4.1
3627    0
3628    0
3629    1.6
3630    0
3631    0
3632    0
3633    18.8
3634    0
3635    2.8
3636    1.9
3637    9.7
3638    15.6
3639    0.9
3640    9.1
3641    3.9
3642    0.8
3643    0
3644    0
3645    0
3646    0
3647    0
3648    0
3649    0
3650    0
3651    0
3652    5.1
3653    11.3
3654    3.8
3655    12.9
3656    20.6
3657    1.5
3658    3.8
3659    7.8
3660    0.7
3661    0
3662    38.6
3663    0
3664    0
3665    0
3666    0
3667    4.1
3668    2.2
3669    0
3670    0
3671    0
3672    0
3673    1.9
3674    18.2
3675    10.3
3676    0
3677    0
3678    0
3679    2
3680    0
3681    11.2
3682    0
3683    0
3684    0
3685    6.2
3686    2.6
3687    35.8
3688    8.2
3689    37.1
3690    56.3
3691    2
3692    4.4
3693    0
3694    0
3695    0
3696    0
3697    0
3698    0
3699    0
3700    0
3701    0
3702    21.1
3703    0
3704    0
3705    0
3706    0
3707    2
3708    33.4
3709    0
3710    0
3711    0
3712    1.9
3713    6.2
3714    1.1
3715    0
3716    0
3717    0
3718    0
3719    0
3720    0
3721    0
3722    0
3723    0
3724    0
3725    0
3726    0
3727    0
3728    4.8
3729    0
3730    0
3731    0.8
3732    0.7
3733    0
3734    0
3735    13.2
3736    0
3737    0
3738    1.4
3739    0.6
3740    0
3741    2.4
3742    5.8
3743    5.3
3744    1.1
3745    0
3746    0
3747    0
3748    0
3749    12.3
3750    0
3751    0
3752    0
3753    0
3754    0
3755    0
3756    5.7
3757    0
3758    0
3759    0
3760    0
3761    0
3762    0
3763    0
3764    0
3765    0
3766    0
3767    0
3768    0
3769    1.2
3770    8.3
3771    0
3772    0
3773    0
3774    0
3775    0
3776    0
3777    0.6
3778    2.3
3779    0
3780    0
3781    0
3782    0
3783    0
3784    0
3785    1.4
3786    2.1
3787    0
3788    0
3789    0
3790    0
3791    0
3792    0
3793    0
3794    2.6
3795    0
3796    0
3797    0
3798    0
3799    0
3800    0
3801    0
3802    0
3803    0
3804    0
3805    1.5
3806    0
3807    0
3808    1.4
3809    38.2
3810    0
3811    0
3812    0
3813    18.1
3814    20
3815    2
3816    0.9
3817    1.1
3818    1
3819    3.4
3820    4.1
3821    2.4
3822    0
3823    0
3824    0
3825    0
3826    0
3827    0
3828    0
3829    6.7
3830    2.3
3831    11.2
3832    2.3
3833    4.9
3834    17.1
3835    0
3836    0
3837    0
3838    0
3839    6.9
3840    18.9
3841    20
3842    0.9
3843    0
3844    0
3845    18.1
3846    10.2
3847    0
3848    0
3849    0
3850    19.3
3851    0
3852    0
3853    0
3854    0
3855    0
3856    0
3857    0
3858    0
3859    0
3860    0
3861    2.1
3862    7.9
3863    0
3864    1.3
3865    0
3866    0
3867    0
3868    0
3869    0
3870    0
3871    0
3872    0
3873    0
3874    0
3875    0
3876    0
3877    12.1
3878    31.2
3879    70
3880    1.2
3881    10.5
3882    2.4
3883    3.2
3884    2.2
3885    0
3886    0
3887    0
3888    5.4
3889    0
3890    0
3891    0
3892    0
3893    0
3894    0
3895    0
3896    0.2
3897    3.9
3898    8.4
3899    9.7
3900    2.2
3901    4.9
3902    8.9
3903    37.1
3904    7.9
3905    6.4
3906    0
3907    0
3908    0
3909    0
3910    0
3911    0
3912    10.9
3913    0
3914    0
3915    0
3916    0
3917    0
3918    0
3919    0
3920    0
3921    0
3922    0
3923    26.8
3924    0
3925    0
3926    17.9
3927    0
3928    0
3929    12.2
3930    9.4
3931    1.5
3932    0
3933    2.1
3934    0
3935    10.3
3936    0
3937    0
3938    0
3939    0
3940    0
3941    0
3942    0
3943    0
3944    1.8
3945    0
3946    0.8
3947    11.9
3948    19.1
3949    0
3950    0
3951    2.9
3952    16.9
3953    0
3954    0
3955    9.2
3956    1.4
3957    0.6
3958    0.8
3959    4
3960    4.1
3961    0
3962    0
3963    0
3964    0
3965    4.9
3966    16.8
3967    0.7
3968    13.9
3969    34.5
3970    37.2
3971    0
3972    3.9
3973    3.9
3974    0
3975    0
3976    2.1
3977    11.3
3978    9.4
3979    6.6
3980    0
3981    0
3982    0
3983    0
3984    0.4
3985    0.6
3986    0.4
3987    64.9
3988    0.9
3989    46.9
3990    0
3991    9.7
3992    21.8
3993    28.9
3994    3.4
3995    2.1
3996    0
3997    0
3998    0
3999    39
4000    48.9
4001    7.1
4002    0
4003    17.9
4004    0
4005    0.8
4006    8.4
4007    1.5
4008    0
4009    0
4010    0
4011    4.3
4012    3.9
4013    11.1
4014    19
4015    8.2
4016    21.1
4017    0
4018    15.7
4019    0
4020    8.8
4021    0
4022    0.4
4023    18.5
4024    0
4025    38.7
4026    16.5
4027    0.5
4028    0.4
4029    0
4030    27.7
4031    0
4032    10
4033    11.1
4034    24.7
4035    31.3
4036    0.3
4037    23.9
4038    23.6
4039    18.5
4040    11.2
4041    25
4042    47.3
4043    9.4
4044    7.8
4045    5.7
4046    72.1
4047    34.6
4048    0.7
4049    2.4
4050    3.4
4051    0
4052    4.3
4053    0
4054    0
4055    0
4056    0
4057    0
4058    9.1
4059    5.4
4060    7.2
4061    0.9
4062    0
4063    0
4064    5.4
4065    8
4066    0
4067    0
4068    12.5
4069    0
4070    0
4071    0.4
4072    0.9
4073    12.1
4074    14.1
4075    25
4076    14.2
4077    26.3
4078    11
4079    30.4
4080    11.8
4081    1.5
4082    2.9
4083    0
4084    0
4085    39.7
4086    0
4087    0
4088    0
4089    0
4090    0
4091    70.2
4092    22.4
4093    0
4094    0
4095    0
4096    0
4097    0
4098    0
4099    8
4100    6.6
4101    0.7
4102    0
4103    0
4104    0.6
4105    0.8
4106    11.3
4107    0
4108    0
4109    0
4110    8.8
4111    0
4112    2.9
4113    0
4114    0
4115    15.1
4116    16.6
4117    0
4118    0
4119    0
4120    0
4121    0
4122    0
4123    0
4124    0
4125    0
4126    0
4127    0
4128    6.5
4129    28.8
4130    1.3
4131    0.6
4132    0
4133    0
4134    0
4135    0
4136    0
4137    0
4138    0
4139    0
4140    0
4141    0
4142    0
4143    25.7
4144    21.3
4145    0
4146    0
4147    0.8
4148    11.4
4149    11.3
4150    0
4151    0
4152    0
4153    0
4154    0
4155    0
4156    0
4157    0
4158    0
4159    21.7
4160    0
4161    0
4162    0
4163    0
4164    0
4165    0
4166    37.1
4167    0
4168    0
4169    0
4170    0
4171    0
4172    0
4173    0
4174    0
4175    19.9
4176    5.4
4177    57.6
4178    11.9
4179    18.1
4180    0
4181    0
4182    0
4183    0
4184    0
4185    0
4186    0
4187    4.1
4188    80.4
4189    0
4190    0.7
4191    0.5
4192    0.4
4193    3.9
4194    0
4195    1.9
4196    39.6
4197    0
4198    0
4199    0
4200    0
4201    0
4202    0
4203    0
4204    42.5
4205    0
4206    0
4207    0
4208    0
4209    0
4210    0
4211    0
4212    0
4213    0
4214    8.5
4215    1.9
4216    0
4217    0
4218    0
4219    0
4220    0
4221    0
4222    0
4223    0
4224    0
4225    0
4226    7.7
4227    0
4228    0
4229    0
4230    0
4231    0
4232    0
4233    0
4234    8.9
4235    6.4
4236    3.7
4237    0
4238    0
4239    0
4240    22.1
4241    0.8
4242    4.3
4243    2.1
4244    0.5
4245    0
4246    0
4247    0
4248    0
4249    0
4250    0
4251    0
4252    0
4253    0
4254    1.4
4255    0
4256    0
4257    0.9
4258    5.1
4259    3.4
4260    4.7
4261    6.9
4262    0
4263    0
4264    0.3
4265    4.1
4266    8.3
4267    9.1
4268    12.5
4269    21.9
4270    0
4271    0
4272    0
4273    0
4274    9.8
4275    10.4
4276    0.6
4277    6.1
4278    34.9
4279    0.8
4280    5.3
4281    6.1
4282    0
4283    0
4284    0
4285    3
4286    0
4287    0
4288    0
4289    17.4
4290    0
4291    36
4292    0
4293    0.7
4294    0.6
4295    0.5
4296    0.7
4297    24.9
4298    0
4299    14.1
4300    20.5
4301    14.9
4302    17.1
4303    16.2
4304    12
4305    1.4
4306    9.8
4307    0
4308    18.8
4309    0.9
4310    2.7
4311    10.1
4312    0
4313    0
4314    3.9
4315    0
4316    0
4317    0
4318    0
4319    0
4320    7.4
4321    18.9
4322    30.4
4323    4.9
4324    2.3
4325    4.5
4326    9.8
4327    6.8
4328    9.9
4329    2.3
4330    4.1
4331    0.9
4332    1.1
4333    4.1
4334    7.2
4335    1.7
4336    2.1
4337    1.4
4338    0
4339    6.9
4340    55.8
4341    0
4342    0
4343    0
4344    0
4345    0
4346    0
4347    12.8
4348    8.6
4349    0
4350    0
4351    0
4352    0
4353    0
4354    2.1
4355    1.9
4356    1.8
4357    5
4358    15.4
4359    0
4360    0
4361    0
4362    0
4363    0.6
4364    7.4
4365    0
4366    15.4
4367    1.2
4368    0
4369    3.4
4370    5.2
4371    0
4372    0
4373    6.3
4374    1.4
4375    0
4376    0
4377    0
4378    2.9
4379    0.4
4380    0.6
4381    3.6
4382    0
4383    0
4384    0
4385    2.2
4386    0
4387    0.8
4388    3.4
4389    3.1
4390    1.8
4391    4.3
4392    3.6
4393    0
4394    0.4
4395    0
4396    0.3
4397    0
4398    17.1
4399    17.2
4400    21.9
4401    0
4402    0
4403    4.1
4404    0
4405    0
4406    0
4407    0
4408    0
4409    0
4410    13.2
4411    4.3
4412    3.1
4413    0.4
4414    7.7
4415    6
4416    0
4417    3.6
4418    5.3
4419    8.2
4420    0
4421    0
4422    0
4423    0
4424    3.1
4425    0
4426    0
4427    2.8
4428    0
4429    0
4430    0
4431    18.4
4432    9.1
4433    0
4434    0
4435    30.1
4436    9.3
4437    0
4438    3.2
4439    3.3
4440    0
4441    0
4442    24
4443    17.4
4444    10.4
4445    7.7
4446    0
4447    0
4448    0
4449    34.7
4450    0
4451    0
4452    68.2
4453    7.9
4454    10.8
4455    14.7
4456    2.3
4457    6
4458    22.8
4459    0
4460    0
4461    7.8
4462    0
4463    10.3
4464    2.2
4465    7.1
4466    6.7
4467    0
4468    0
4469    0
4470    0
4471    0
4472    24.5
4473    0
4474    1.1
4475    3.9
4476    16.2
4477    1.1
4478    0
4479    0
4480    0
4481    0
4482    13.5
4483    6.8
4484    15.4
4485    0
4486    0
4487    0
4488    0
4489    0
4490    0
4491    0
4492    6.4
4493    0.7
4494    1.2
4495    0.9
4496    0
4497    0
4498    0
4499    0
4500    0
4501    16
4502    0
4503    3.1
4504    3.2
4505    68.7
4506    88.3
4507    4
4508    0
4509    0
4510    0
4511    0
4512    0
4513    7.6
4514    0
4515    0
4516    0
4517    0
4518    0
4519    0
4520    0
4521    0
4522    0.7
4523    0
4524    0
4525    0
4526    0
4527    0
4528    0
4529    0
4530    0
4531    3.3
4532    27.1
4533    2.7
4534    2
4535    0
4536    0.7
4537    10.9
4538    13.4
4539    12.3
4540    16.6
4541    4
4542    0
4543    4
4544    0
4545    0
4546    0
4547    0
4548    0
4549    0
4550    0
4551    17.7
4552    0
4553    0
4554    0
4555    33.7
4556    22.1
4557    10.2
4558    4.3
4559    0
4560    0
4561    0
4562    0
4563    0
<EndTimeSerie>