SERIE_INITIAL_DATA   : 2010.  1.  1.  0.  0.  0.0
TIME_UNITS : DAYS
!DAYS PRECIPITACAO
<BeginTimeSerie>
0    18.5
1    0
2    0
3    0
4    21
5    41.2
6    7.2
7    15.7
8    0
9    22.8
10    4.1
11    19.5
12    0
13    6.8
14    0
15    0
16    0
17    15.1
18    0
19    3.5
20    29.5
21    12.9
22    14.4
23    2.2
24    0.8
25    0.2
26    4.3
27    12
28    4.7
29    0
30    0.5
31    0
32    0
33    0
34    0
35    0.5
36    0
37    0
38    0
39    0
40    3
41    0.2
42    15.7
43    0.2
44    0
45    12.8
46    7.8
47    4.1
48    6.1
49    0.4
50    0
51    0
52    0.7
53    2.8
54    20.1
55    4
56    0
57    0
58    0
59    0
60    8
61    0
62    8.2
63    1
64    22
65    27.3
66    0.8
67    9
68    0
69    2
70    1.2
71    0
72    3.1
73    0
74    1.4
75    0
76    0
77    0
78    0
79    0.5
80    2.8
81    0
82    12.7
83    19.9
84    23.1
85    7.7
86    1.7
87    7.5
88    10.4
89    0
90    0
91    0
92    0
93    0
94    0
95    15.8
96    13.6
97    8.5
98    4.5
99    0.5
100    0.4
101    0.2
102    0
103    0.4
104    0
105    0
106    0
107    0
108    0
109    0
110    0.4
111    21.2
112    15.9
113    0.8
114    2.9
115    15.1
116    29.5
117    0
118    0
119    0
120    0
121    0
122    0
123    0
124    1
125    0
126    4.5
127    67.5
128    22.4
129    2.4
130    8.8
131    148.5
132    12.7
133    4.2
134    0.2
135    3.5
136    30
137    5
138    0
139    0.5
140    14
141    34
142    10.5
143    27.5
144    2.2
145    0
146    0
147    0
148    0.6
149    0
150    1.7
151    0.4
152    0.2
153    1.5
154    14.5
155    3.5
156    0
157    0
158    0
159    0
160    0
161    1.5
162    5.4
163    0.2
164    0
165    0
166    0
167    0
168    0
169    1
170    7.6
171    3.5
172    4.7
173    0
174    0
175    0
176    0
177    0
178    0
179    0
180    1.3
181    0
182    0
183    0
184    0
185    0
186    0
187    0
188    0
189    0
190    2.6
191    2.3
192    0
193    28.2
194    2
195    3.1
196    4.4
197    7.7
198    7.9
199    0.1
200    12.7
201    0
202    0.4
203    19
204    0.2
205    0.5
206    0
207    0
208    0
209    0
210    0
211    0
212    46.5
213    0.2
214    0.4
215    3.7
216    4.8
217    3.5
218    0
219    0
220    0.5
221    0
222    0
223    0
224    0.7
225    0
226    0
227    1
228    0
229    0
230    0
231    0
232    0
233    0
234    0
235    0
236    0
237    0
238    0
239    0
240    0
241    0
242    0
243    0
244    0
245    0
246    0
247    0
248    0
249    0
250    0
251    0
252    0
253    0
254    3.7
255    1.7
256    0
257    0
258    0
259    0
260    0
261    0
262    0
263    7.4
264    33.5
265    11.7
266    6.7
267    2.3
268    0
269    7
270    2
271    1.3
272    1.4
273    0.2
274    22.3
275    3.1
276    0
277    2.3
278    0
279    11
280    20
281    11.3
282    3
283    1.1
284    0
285    0
286    0
287    1.5
288    1
289    1.3
290    14.1
291    0
292    0
293    0
294    0
295    0.2
296    0
297    6.4
298    0
299    0
300    0
301    0.2
302    20.8
303    0
304    0
305    0
306    0
307    0
308    0
309    0
310    0
311    0
312    0
313    8.5
314    0
315    0.8
316    0
317    0
318    0
319    11.5
320    0
321    36.6
322    0.2
323    0.2
324    0.2
325    4.6
326    20.5
327    0.6
328    1
329    66.3
330    0.7
331    0
332    14.6
333    1.5
334    0
335    0
336    1.9
337    29
338    4.1
339    12.1
340    0.3
341    4.1
342    0
343    0.2
344    0
345    0
346    8.5
347    32.4
348    0.2
349    0.3
350    10.3
351    13.7
352    0.1
353    0.8
354    12.4
355    16.5
356    6.1
357    5.5
358    0
359    1.5
360    1.8
361    0
362    0
363    2.8
364    4.5
365    0.1
366    0
367    0.3
368    1.5
369    0
370    39.4
371    3.7
372    2.3
373    0
374    0.3
375    70
376    3.1
377    1.4
378    13.3
379    24.2
380    13.4
381    0.2
382    0.6
383    48.1
384    7.2
385    13.3
386    49.5
387    10
388    11.1
389    0.7
390    2
391    0
392    0.3
393    0.7
394    26.5
395    1.2
396    0.1
397    26.2
398    0
399    1.7
400    0
401    1.7
402    41.7
403    43.7
404    10
405    22.6
406    1.7
407    34.7
408    26.8
409    71.3
410    11.7
411    15.2
412    1.1
413    1.9
414    0
415    0
416    0.2
417    18.7
418    9.3
419    2.7
420    0.4
421    0
422    61.4
423    0
424    0
425    0.4
426    0
427    1.8
428    0.3
429    3.4
430    3.1
431    1.1
432    16
433    0.5
434    8.7
435    2.5
436    65.5
437    7.2
438    0
439    0.1
440    0
441    0.1
442    3.3
443    0
444    0.3
445    0.1
446    0
447    0
448    6.3
449    1
450    2
451    4
452    14.1
453    21.8
454    2.5
455    0
456    0
457    0
458    0.5
459    0
460    0.1
461    0
462    0.2
463    0
464    0.1
465    7.5
466    0.1
467    0
468    0
469    17.5
470    0
471    1.5
472    1.4
473    2
474    0.2
475    4.5
476    1.4
477    9.2
478    4.2
479    0.2
480    0.1
481    0
482    0
483    0.2
484    4.4
485    3.8
486    0
487    0
488    0
489    0.2
490    0
491    0.1
492    0
493    1.5
494    0
495    11.2
496    0.1
497    0.8
498    0
499    8.5
500    22.8
501    4
502    0.2
503    10.5
504    5.1
505    6
506    0.1
507    0.1
508    0
509    0.1
510    0
511    0
512    0
513    0
514    0
515    0
516    0
517    0
518    0
519    2
520    0
521    0
522    2.2
523    9.9
524    0.1
525    0.2
526    0
527    0
528    0
529    0.1
530    0
531    0
532    0
533    1.1
534    0
535    0.7
536    3
537    0.5
538    0.4
539    0
540    10
541    9
542    18
543    0.1
544    0.1
545    1
546    14.1
547    10
548    14.2
549    0
550    0.1
551    0
552    0
553    0
554    0
555    0
556    0
557    0.1
558    4.2
559    0.1
560    0.2
561    0.1
562    0.9
563    22
564    4.2
565    0.1
566    22.4
567    3.2
568    0.7
569    0
570    0
571    0
572    0.1
573    0
574    3
575    20
576    1.6
577    10.1
578    8.8
579    0
580    0
581    0
582    0.2
583    0
584    12.6
585    93.5
586    28
587    0.2
588    0
589    0
590    0.1
591    9.8
592    0
593    0
594    0
595    1.1
596    3.2
597    0
598    0
599    33.1
600    9.3
601    3
602    2.3
603    0
604    0
605    6.7
606    43.7
607    16
608    0
609    0
610    0
611    0
612    0
613    23
614    63
615    60.3
616    63.2
617    1.1
618    0
619    0
620    0
621    0
622    0
623    0
624    0
625    0
626    0
627    17.6
628    5
629    0
630    0
631    9
632    3
633    0
634    0
635    0
636    0
637    0
638    0
639    0
640    0
641    0
642    0
643    0
644    0
645    7.6
646    0
647    0
648    0
649    0
650    18.2
651    8
652    0
653    2.6
654    0
655    0
656    0
657    0
658    0
659    0
660    0
661    0
662    13.3
663    0
664    7.5
665    0
666    0
667    4
668    1.5
669    1.3
670    0
671    0.9
672    0
673    0
674    0
675    0
676    0
677    0
678    0
679    4.8
680    9.4
681    1.8
682    8.9
683    17.9
684    0
685    0
686    0
687    0
688    0
689    7.8
690    3.6
691    0
692    0
693    0
694    8.4
695    21.8
696    0.8
697    4.1
698    0
699    0
700    0
701    0
702    0
703    0
704    0
705    0
706    25
707    7.2
708    9.7
709    0.1
710    0.1
711    0
712    32
713    7.4
714    34.4
715    0
716    0
717    0
718    0
719    0
720    0
721    0.8
722    3
723    14.8
724    11.7
725    0.2
726    4
727    4.4
728    0.3
729    5.4
730    34
731    0
732    0
733    0
734    0
735    0
736    1.5
737    2.3
738    13.4
739    1
740    16.2
741    4.2
742    1
743    61.1
744    16.1
745    0.2
746    5
747    15.2
748    13.5
749    0
750    0
751    0
752    0
753    1
754    5.3
755    13.5
756    4.9
757    0
758    0.9
759    2
760    0
761    0
762    0
763    0
764    0
765    1.5
766    1
767    41.3
768    10
769    13.4
770    20.4
771    4
772    0.1
773    0
774    0
775    0.4
776    1
777    0
778    0
779    0
780    0.1
781    30.5
782    7
783    21
784    0
785    6.6
786    0
787    0
788    0
789    0
790    0.2
791    1.2
792    0
793    0
794    0
795    0
796    0
797    0
798    0
799    0
800    0
801    0
802    0
803    0
804    25.4
805    2.4
806    0
807    0
808    0.2
809    0.1
810    0
811    17.5
812    0
813    0
814    0
815    0
816    3
817    0
818    0
819    0
820    1
821    0
822    0
823    0
824    0
825    0
826    0
827    0
828    0
829    5
830    0
831    6.2
832    0
833    1.6
834    6.9
835    0
836    0
837    0
838    0
839    0
840    0
841    0
842    3
843    0.5
844    6
845    3.1
846    23
847    0.2
848    0
849    0
850    0
851    0
852    4.1
853    0
854    3.3
855    0
856    0.4
857    9
858    0
859    0
860    0
861    0
862    0
863    0
864    0
865    0.1
866    0.9
867    0
868    2.7
869    0
870    6.4
871    22.4
872    0
873    0.1
874    0
875    0
876    22.2
877    0
878    0
879    0
880    0
881    2.7
882    0
883    0.1
884    6
885    21.4
886    6.4
887    0
888    0
889    0
890    0
891    0
892    4.5
893    0
894    0
895    0
896    0
897    0
898    1.4
899    24
900    0.5
901    1.3
902    6.4
903    0
904    0
905    0
906    0
907    0
908    0
909    0
910    0.1
911    0
912    0
913    0
914    0
915    0
916    0
917    0
918    14.9
919    10.5
920    0
921    1.3
922    5.6
923    1.5
924    0
925    0
926    0
927    0
928    2.5
929    19
930    1.5
931    0
932    0
933    0
934    0
935    0.1
936    21.4
937    1.4
938    34
939    0
940    0.4
941    7
942    18.4
943    6.4
944    0
945    0
946    0.3
947    1.3
948    0
949    0
950    0
951    0
952    0
953    0
954    0
955    0
956    0
957    0
958    0
959    0
960    0
961    0
962    0
963    0
964    0
965    0
966    0
967    0.2
968    2
969    2
970    7.1
971    8.5
972    3.3
973    0
974    0
975    0
976    0
977    0
978    0
979    0
980    0
981    0
982    2
983    13
984    21.3
985    0.1
986    16
987    0
988    0
989    0
990    0.8
991    0
992    0
993    0
994    12.9
995    0.1
996    0
997    0
998    0
999    0.1
1000    0.3
1001    6.2
1002    0
1003    0.1
1004    0
1005    18.8
1006    0.1
1007    3
1008    4.5
1009    0
1010    0
1011    0
1012    0
1013    0.2
1014    35.5
1015    1
1016    0.1
1017    0.2
1018    0.8
1019    0
1020    0
1021    1.5
1022    0
1023    0
1024    0
1025    0
1026    23.5
1027    0
1028    0
1029    0
1030    0
1031    0.1
1032    0
1033    0
1034    0
1035    2.5
1036    0
1037    0
1038    0
1039    0
1040    21.5
1041    0
1042    0.1
1043    6.5
1044    0
1045    0
1046    2
1047    3.7
1048    4.7
1049    2
1050    0.1
1051    18.6
1052    0
1053    0
1054    0
1055    0
1056    0
1057    0.1
1058    13.7
1059    0
1060    2.1
1061    0
1062    3.1
1063    0
1064    0
1065    0
1066    7
1067    7.4
1068    0
1069    0
1070    0
1071    0
1072    0.1
1073    0
1074    0
1075    0.1
1076    0
1077    0.2
1078    16.1
1079    0.1
1080    16.5
1081    0.6
1082    0
1083    0.1
1084    11.6
1085    0.1
1086    19.8
1087    0
1088    0.1
1089    0
1090    0
1091    9.5
1092    0
1093    12.3
1094    9.1
1095    0
1096    0
1097    0
1098    0
1099    0.1
1100    0
1101    16
1102    1.1
1103    1.8
1104    26
1105    0.2
1106    0
1107    0
1108    0
1109    0.1
1110    4
1111    0
1112    0.2
1113    0
1114    26
1115    2.5
1116    18.8
1117    4.2
1118    0
1119    0
1120    0
1121    1.4
1122    0
1123    0
1124    0
1125    0
1126    0
1127    0
1128    0
1129    0.2
1130    34
1131    0
1132    0
1133    0
1134    1.1
1135    0.1
1136    29.3
1137    0.2
1138    0
1139    0.4
1140    0.3
1141    70
1142    0
1143    0.5
1144    70.8
1145    2.3
1146    0
1147    0
1148    0.1
1149    0
1150    0.2
1151    4
1152    9.3
1153    2.2
1154    0
1155    0
1156    0
1157    0
1158    0.1
1159    44.2
1160    44.3
1161    0.5
1162    0
1163    10
1164    0
1165    18
1166    0
1167    58.8
1168    0
1169    0.2
1170    0.1
1171    30.1
1172    0
1173    5.2
1174    4.5
1175    40.2
1176    0.1
1177    0
1178    0
1179    4
1180    0
1181    0.1
1182    5.5
1183    0.2
1184    0
1185    6
1186    0
1187    0
1188    1.4
1189    17.8
1190    0
1191    4
1192    0.5
1193    11
1194    0.1
1195    6.2
1196    0
1197    0
1198    2.6
1199    0.1
1200    0
1201    0
1202    0
1203    0
1204    0
1205    0.8
1206    0
1207    0
1208    0
1209    0
1210    0
1211    0
1212    0
1213    0
1214    0
1215    0.6
1216    0
1217    0
1218    0
1219    0
1220    0.1
1221    0
1222    0
1223    0
1224    4.9
1225    0
1226    0
1227    0
1228    0
1229    0
1230    0
1231    0.1
1232    0
1233    1.1
1234    0.2
1235    28.8
1236    1
1237    0
1238    0
1239    0
1240    0
1241    0.1
1242    0
1243    0
1244    0
1245    8
1246    2.1
1247    0
1248    0
1249    0.8
1250    0
1251    0
1252    0
1253    0
1254    0
1255    0
1256    0
1257    0
1258    0
1259    0
1260    0
1261    3.2
1262    1.4
1263    0.1
1264    1.5
1265    4.2
1266    0.2
1267    15.1
1268    5
1269    0
1270    2.8
1271    0
1272    4
1273    2.5
1274    0.1
1275    19.4
1276    0.1
1277    4.6
1278    0
1279    0
1280    0.1
1281    0
1282    0
1283    0.2
1284    5.3
1285    0
1286    0.1
1287    0
1288    0
1289    0
1290    0.1
1291    12.4
1292    0
1293    0
1294    0.1
1295    0
1296    18
1297    8
1298    6.5
1299    6.8
1300    0.1
1301    0
1302    0
1303    0
1304    0
1305    0
1306    0
1307    0.2
1308    0
1309    0
1310    0.2
1311    0
1312    0
1313    38.7
1314    0
1315    0
1316    0.1
1317    64.4
1318    24.6
1319    0
1320    0.1
1321    20.6
1322    0
1323    0
1324    0.2
1325    0
1326    4.5
1327    0
1328    0
1329    0
1330    4.4
1331    18.6
1332    0.2
1333    38.6
1334    35.5
1335    5.2
1336    0
1337    0
1338    0
1339    0
1340    0
1341    11.1
1342    0
1343    0
1344    0
1345    0
1346    0.1
1347    0
1348    0
1349    0
1350    0
1351    0
1352    0
1353    0
1354    8.6
1355    1.4
1356    0
1357    0.1
1358    24.4
1359    57.4
1360    60.6
1361    24.2
1362    2.5
1363    7.9
1364    0
1365    0.1
1366    0
1367    0
1368    0
1369    25.5
1370    0
1371    1.8
1372    3.5
1373    0
1374    0.1
1375    0
1376    0
1377    2.2
1378    0
1379    0
1380    0.1
1381    0
1382    0
1383    0
1384    0.1
1385    0
1386    8.9
1387    0
1388    0
1389    0
1390    3
1391    0.1
1392    11.8
1393    0
1394    0
1395    0.2
1396    32
1397    0
1398    0.1
1399    0
1400    0
1401    0
1402    0.4
1403    4
1404    0
1405    0
1406    0
1407    0.1
1408    0
1409    0
1410    0.2
1411    0
1412    0
1413    0
1414    0
1415    0
1416    0
1417    0
1418    3.3
1419    6
1420    0
1421    10
1422    1.8
1423    20
1424    20
1425    0
1426    0
1427    0
1428    10.9
1429    0.1
1430    0
1431    1.5
1432    2.4
1433    0
1434    5.8
1435    30
1436    8.5
1437    9.5
1438    0
1439    5.2
1440    0.1
1441    2.7
1442    1.2
1443    55
1444    0
1445    0
1446    0
1447    0
1448    0
1449    0
1450    0
1451    0
1452    16.8
1453    8.3
1454    0.1
1455    0
1456    0
1457    0
1458    0.1
1459    38.2
1460    11
1461    0
1462    0
1463    0
1464    31.5
1465    2.5
1466    0
1467    0.5
1468    0.1
1469    32.5
1470    0.3
1471    58.6
1472    30
1473    7.8
1474    2.6
1475    0.1
1476    23.4
1477    0
1478    0
1479    0
1480    0
1481    0
1482    0
1483    0.1
1484    13.4
1485    15
1486    13
1487    0
1488    0
1489    0
1490    0.1
1491    0
1492    0
1493    13.5
1494    0
1495    0
1496    0.1
1497    0
1498    0
1499    0
1500    0
1501    0
1502    0.1
1503    0
1504    14.8
1505    0.1
1506    113.7
1507    54.8
1508    0
1509    4.6
1510    4.5
1511    0
1512    0
1513    0.2
1514    0.1
1515    20
1516    0
1517    19.6
1518    65.5
1519    16.2
1520    0
1521    0
1522    0.1
1523    0
1524    8.4
1525    0
1526    0
1527    0.1
1528    60.5
1529    0
1530    14
1531    15.1
1532    0.8
1533    25
1534    0
1535    0
1536    0
1537    9.1
1538    30
1539    5.2
1540    0.1
1541    0
1542    0.6
1543    0.2
1544    0
1545    0
1546    0.1
1547    3
1548    0
1549    0
1550    16.2
1551    4.8
1552    12
1553    21.8
1554    0.2
1555    0
1556    0
1557    0
1558    50
1559    0
1560    0
1561    0
1562    0
1563    0
1564    0.1
1565    0
1566    0
1567    0
1568    0
1569    0.4
1570    32
1571    4.5
1572    0
1573    0.1
1574    1.2
1575    3
1576    0
1577    0.2
1578    1.4
1579    0
1580    0
1581    10
1582    0
1583    0
1584    0.1
1585    0
1586    0
1587    0
1588    0.1
1589    10
1590    2.4
1591    7.7
1592    0
1593    0
1594    0
1595    0
1596    7.4
1597    0
1598    0
1599    0.1
1600    0
1601    0
1602    26.2
1603    5.5
1604    0
1605    0
1606    16.7
1607    7.1
1608    0.1
1609    0
1610    0
1611    0
1612    0
1613    0
1614    0
1615    0
1616    10.5
1617    39.5
1618    5
1619    0
1620    44.5
1621    0
1622    0.1
1623    4.5
1624    0
1625    9.5
1626    2.9
1627    2.5
1628    0
1629    9.7
1630    0
1631    0
1632    0
1633    0.1
1634    0
1635    0
1636    1.7
1637    4.8
1638    34.5
1639    52.7
1640    29.5
1641    0
1642    0
1643    0
1644    0
1645    0
1646    0.2
1647    0
1648    0.3
1649    6.5
1650    0
1651    0.1
1652    13.2
1653    7.8
1654    0.7
1655    1.7
1656    0
1657    0
1658    0
1659    0
1660    0
1661    0
1662    0.1
1663    0
1664    0
1665    9.7
1666    0
1667    0
1668    0
1669    0.1
1670    0
1671    0
1672    0
1673    0
1674    26
1675    1.5
1676    0
1677    0
1678    0
1679    0
1680    0
1681    0
1682    0
1683    0
1684    0.2
1685    32
1686    0
1687    0
1688    9.6
1689    1.4
1690    0
1691    0
1692    0
1693    0
1694    0
1695    0
1696    0.1
1697    0
1698    10
1699    0
1700    0
1701    0
1702    0
1703    7.4
1704    0
1705    0.1
1706    21
1707    2.7
1708    3.6
1709    0.1
1710    4
1711    0
1712    0
1713    0
1714    0
1715    2.9
1716    0
1717    0
1718    0
1719    0
1720    0
1721    0.1
1722    14.1
1723    0
1724    0
1725    0
1726    0
1727    14.2
1728    0
1729    20.3
1730    9.3
1731    0
1732    37.5
1733    0.2
1734    24.2
1735    0.6
1736    0
1737    0
1738    0
1739    0
1740    0
1741    0
1742    0
1743    0
1744    0
1745    14.3
1746    0
1747    63.9
1748    2.6
1749    0
1750    0
1751    15
1752    0.2
1753    11.4
1754    0
1755    0
1756    0
1757    0
1758    0
1759    6.2
1760    0.1
1761    0
1762    0
1763    0
1764    2.8
1765    0
1766    0
1767    12.9
1768    9.5
1769    7.7
1770    0
1771    12.7
1772    0
1773    0
1774    0
1775    0
1776    0
1777    0
1778    0
1779    0
1780    0
1781    0.1
1782    0
1783    0
1784    0
1785    0
1786    6.1
1787    0.1
1788    0
1789    0.1
1790    6.5
1791    0
1792    0
1793    0
1794    0.1
1795    0
1796    0
1797    4
1798    9
1799    0
1800    0
1801    0
1802    0
1803    0
1804    4.5
1805    17.3
1806    0
1807    0
1808    34
1809    0
1810    0.1
1811    0
1812    2
1813    2.5
1814    0
1815    11.5
1816    12.4
1817    0.7
1818    11.9
1819    0
1820    0
1821    92.5
1822    0
1823    17.1
1824    0.1
1825    30
1826    3.1
1827    0.2
1828    0
1829    0
1830    0
1831    0.1
1832    0
1833    1.3
1834    11.3
1835    0.1
1836    40.3
1837    21.4
1838    9.1
1839    4.1
1840    2.2
1841    73
1842    24.7
1843    5.1
1844    8.2
1845    12
1846    120
1847    14.4
1848    0.4
1849    0.4
1850    0.1
1851    48
1852    25.3
1853    0.2
1854    0
1855    22.2
1856    3.9
1857    0.1
1858    0.3
1859    20.7
1860    2.5
1861    0.3
1862    24.8
1863    0.2
1864    0
1865    0.1
1866    0.6
1867    0.2
1868    36.2
1869    32.5
1870    4.7
1871    10.9
1872    2.8
1873    0
1874    9.6
1875    8.2
1876    17.5
1877    15.5
1878    0.1
1879    0.7
1880    7.8
1881    23.6
1882    0.4
1883    42.2
1884    7.5
1885    0
1886    0.1
1887    0.3
1888    0
1889    0
1890    50.7
1891    0.1
1892    0.5
1893    0.4
1894    8.1
1895    55.8
1896    12.8
1897    0.2
1898    0.9
1899    70
1900    28.7
1901    12.9
1902    0.2
1903    0
1904    0.1
1905    0
1906    16.5
1907    0
1908    0.2
1909    0
1910    1
1911    29.9
1912    0.5
1913    29.9
1914    14.3
1915    5.1
1916    0
1917    0.1
1918    0
1919    0.2
1920    0.5
1921    30
1922    9.4
1923    0.2
1924    0
1925    0
1926    0
1927    0
1928    0
1929    0.1
1930    0
1931    4.5
1932    3.4
1933    2.4
1934    0
1935    0
1936    12.1
1937    11.1
1938    16.9
1939    0
1940    0
1941    0
1942    0
1943    0
1944    7
1945    12.2
1946    0
1947    0
1948    0.1
1949    4.2
1950    0
1951    0
1952    0
1953    0
1954    0
1955    5.2
1956    3.4
1957    93
1958    5
1959    0
1960    0
1961    0
1962    0.2
1963    18.8
1964    9.3
1965    5.3
1966    0.2
1967    0
1968    0
1969    0.1
1970    9.1
1971    2.6
1972    48
1973    2.5
1974    5.1
1975    0.5
1976    0
1977    0
1978    0
1979    0
1980    0
1981    0
1982    0
1983    0
1984    0
1985    0
1986    0.1
1987    0
1988    0.1
1989    16
1990    0
1991    31.5
1992    0
1993    0
1994    18.3
1995    0
1996    0
1997    0
1998    0
1999    6.1
2000    0.1
2001    0
2002    0
2003    0
2004    0
2005    0
2006    0
2007    0
2008    0
2009    0
2010    0
2011    0.1
2012    6
2013    17.3
2014    9.9
2015    0
2016    0.1
2017    1.3
2018    0.5
2019    4.3
2020    2
2021    4.2
2022    12.1
2023    13.3
2024    0
2025    0
2026    0.1
2027    34.1
2028    0.5
2029    0.3
2030    44
2031    0.2
2032    0.5
2033    8
2034    0
2035    0
2036    0
2037    0
2038    0
2039    0
2040    0
2041    0.3
2042    0
2043    0
2044    0.1
2045    0
2046    0
2047    0
2048    0
2049    0
2050    0
2051    0
2052    0
2053    0
2054    0
2055    0
2056    0
2057    0.4
2058    4.5
2059    0.1
2060    0
2061    4.8
2062    1
2063    0.1
2064    29.4
2065    0
2066    0
2067    0.1
2068    0
2069    0.1
2070    7.7
2071    0
2072    1
2073    0
2074    0
2075    0.2
2076    6
2077    0
2078    0.1
2079    0
2080    0
2081    0
2082    0
2083    0
2084    0
2085    83.4
2086    23.5
2087    0
2088    20
2089    1.7
2090    0.1
2091    0
2092    0
2093    21
2094    19.8
2095    88.7
2096    30.5
2097    0.3
2098    0
2099    0
2100    0.8
2101    0
2102    0
2103    0.2
2104    0.1
2105    0.7
2106    20
2107    33.2
2108    0.1
2109    40
2110    20
2111    9
2112    17.7
2113    0
2114    28.6
2115    13.9
2116    0.1
2117    0
2118    0
2119    9.2
2120    78.9
2121    0
2122    0
2123    0
2124    0.9
2125    6.8
2126    0.2
2127    12.6
2128    0.1
2129    0.3
2130    0.3
2131    0.8
2132    64
2133    17
2134    20.2
2135    7.4
2136    0
2137    0.2
2138    0
2139    0.1
2140    0.1
2141    0
2142    0
2143    0
2144    0
2145    0.1
2146    0
2147    4.5
2148    0
2149    7.6
2150    0
2151    0
2152    0.1
2153    2.9
2154    4
2155    9.8
2156    0
2157    0
2158    17.7
2159    0.1
2160    0.1
2161    0
2162    0.2
2163    0
2164    0.2
2165    0
2166    8.8
2167    8
2168    0
2169    36
2170    0
2171    0
2172    1.7
2173    0
2174    0
2175    0
2176    0
2177    0
2178    16.1
2179    0
2180    0
2181    0
2182    0
2183    10.3
2184    21.3
2185    22.1
2186    14.3
2187    8.4
2188    4.5
2189    14.1
2190    23
2191    0.3
2192    9.8
2193    0.2
2194    0.1
2195    6.8
2196    0
2197    0
2198    0.1
2199    0
2200    0
2201    19.8
2202    0
2203    0
2204    0
2205    6.6
2206    0
2207    0
2208    0
2209    0.1
2210    0
2211    0
2212    0
2213    0
2214    0
2215    0
2216    0
2217    16.3
2218    0
2219    0
2220    0
2221    91.3
2222    19.4
2223    0.8
2224    24
2225    0
2226    0
2227    20.8
2228    0
2229    0
2230    0.1
2231    0
2232    2.1
2233    0
2234    0
2235    0.1
2236    0
2237    22.4
2238    0.1
2239    2.5
2240    0
2241    0
2242    54
2243    7.9
2244    29.1
2245    7.7
2246    5.8
2247    0
2248    37
2249    2.8
2250    0
2251    0
2252    0.1
2253    39.1
2254    21.6
2255    0.2
2256    0.2
2257    0
2258    0
2259    0
2260    27.2
2261    19.7
2262    21.6
2263    7.2
2264    0
2265    0
2266    0
2267    0
2268    0
2269    0
2270    9.5
2271    0
2272    2.4
2273    0.2
2274    0
2275    9.4
2276    38.5
2277    0
2278    0
2279    0
2280    0
2281    0
2282    12.5
2283    0
2284    0
2285    0.6
2286    0
2287    0
2288    0
2289    0
2290    8.4
2291    2.2
2292    28.3
2293    13.8
2294    3
2295    5.6
2296    0
2297    0
2298    0
2299    0
2300    0
2301    0
2302    0
2303    22.6
2304    52.7
2305    0
2306    0
2307    0
2308    60.7
2309    0
2310    0
2311    0
2312    0
2313    0
2314    0
2315    0
2316    0
2317    0
2318    4.8
2319    0.6
2320    0.9
2321    0.4
2322    5.4
2323    1.3
2324    0
2325    1
2326    0
2327    16.7
2328    0
2329    0
2330    0
2331    0
2332    12.6
2333    13.1
2334    6.3
2335    0
2336    1.6
2337    0
2338    0
2339    0
2340    6.1
2341    3
2342    0
2343    0
2344    5.9
2345    0
2346    0
2347    0
2348    0
2349    0.8
2350    0
2351    0
2352    0
2353    0
2354    0
2355    0
2356    0
2357    0
2358    0.2
2359    13.2
2360    0.9
2361    0
2362    0
2363    0.1
2364    5.3
2365    1.3
2366    0
2367    0
2368    0
2369    0
2370    0
2371    0
2372    0
2373    0
2374    0
2375    0
2376    0
2377    0
2378    0
2379    0
2380    0
2381    0
2382    0
2383    0
2384    0
2385    0
2386    34.5
2387    32.2
2388    19.7
2389    0
2390    0
2391    0
2392    0
2393    0
2394    0
2395    0
2396    0
2397    0
2398    0
2399    9.3
2400    0
2401    0
2402    0
2403    0
2404    0
2405    0
2406    3.2
2407    0
2408    0
2409    0
2410    23.5
2411    5.1
2412    2
2413    0
2414    0
2415    0
2416    0
2417    0
2418    7.3
2419    0
2420    0
2421    3
2422    0
2423    19.4
2424    34.3
2425    12
2426    0
2427    0
2428    0
2429    0
2430    0
2431    0
2432    0
2433    12.2
2434    0.4
2435    0
2436    0.7
2437    0
2438    35.3
2439    7
2440    17
2441    0
2442    0
2443    0
2444    0
2445    0
2446    0
2447    0
2448    0
2449    0
2450    0
2451    0
2452    8.2
2453    0
2454    0
2455    4.2
2456    0
2457    0
2458    0
2459    0
2460    0
2461    0
2462    0
2463    0
2464    0.9
2465    0
2466    0
2467    0
2468    23.2
2469    2.2
2470    14.2
2471    9.2
2472    0
2473    0
2474    0
2475    0
2476    0
2477    0
2478    9.8
2479    0
2480    9.2
2481    14.6
2482    28.4
2483    6.3
2484    19.7
2485    1.8
2486    0
2487    0
2488    0
2489    1.2
2490    6
2491    4.5
2492    0
2493    0
2494    0
2495    0
2496    0
2497    0
2498    1.6
2499    0
2500    0
2501    0
2502    0
2503    0
2504    0
2505    4.2
2506    0
2507    2.3
2508    0
2509    0
2510    0
2511    0.1
2512    19.6
2513    20.8
2514    1.4
2515    0
2516    0
2517    1.1
2518    2
2519    0.1
2520    0
2521    0.5
2522    0
2523    0.6
2524    5.1
2525    2.6
2526    0
2527    0
2528    0
2529    101.4
2530    17.6
2531    1.7
2532    0
2533    0
2534    4.5
2535    10.4
2536    3
2537    0.4
2538    0
2539    15.4
2540    0
2541    1
2542    1.3
2543    0
2544    0
2545    0.6
2546    11.2
2547    0.7
2548    6.7
2549    15.2
2550    1.7
2551    0
2552    7.8
2553    1.8
2554    24.1
2555    20.6
2556    3.6
2557    3
2558    8.1
2559    0
2560    0
2561    17.5
2562    71.5
2563    2.1
2564    0
2565    11.5
2566    0.3
2567    2.7
2568    3.6
2569    0
2570    0
2571    0
2572    0
2573    0
2574    13.2
2575    0
2576    0.6
2577    0
2578    0
2579    2.2
2580    11.2
2581    18
2582    11.9
2583    28.8
2584    0.3
2585    0.8
2586    29.8
2587    3.6
2588    4
2589    6.3
2590    10.4
2591    8.6
2592    0.2
2593    43.5
2594    27.4
2595    0.1
2596    0.2
2597    0
2598    0
2599    21.8
2600    1.3
2601    0.3
2602    0.5
2603    0
2604    7.9
2605    0
2606    0
2607    0
2608    0
2609    0
2610    0
2611    6
2612    17.1
2613    0.9
2614    0
2615    0
2616    6.2
2617    0.6
2618    0
2619    0.8
2620    10.3
2621    11.3
2622    0
2623    22.1
2624    0
2625    0
2626    0
2627    0
2628    6.5
2629    0
2630    0
2631    0
2632    4.2
2633    1.9
2634    0.9
2635    4.7
2636    2.3
2637    1.5
2638    0.2
2639    3.3
2640    3.3
2641    4.3
2642    0.8
2643    2
2644    6.1
2645    6.3
2646    2.2
2647    5.3
2648    3.5
2649    1.1
2650    5.8
2651    1.2
2652    2.1
2653    0
2654    2
2655    1.8
2656    2.4
2657    0
2658    0.3
2659    0
2660    0
2661    0
2662    18.4
2663    12.4
2664    0.5
2665    0.7
2666    0
2667    0
2668    3.4
2669    0
2670    0
2671    0
2672    13.1
2673    0
2674    0
2675    0
2676    0
2677    0
2678    0
2679    0
2680    0
2681    2
2682    0
2683    1
2684    2.1
2685    0
2686    0
2687    0.8
2688    0
2689    0
2690    8
2691    0
2692    0
2693    0
2694    0.9
2695    17.6
2696    4
2697    21.5
2698    0
2699    0
2700    23.2
2701    0
2702    0
2703    10.8
2704    39.1
2705    7.5
2706    9.1
2707    21.7
2708    57.2
2709    0
2710    0
2711    0
2712    88.7
2713    12.3
2714    9.3
2715    3.2
2716    0.4
2717    0.4
2718    0
2719    0
2720    0
2721    0
2722    0
2723    0
2724    0
2725    0
2726    3.8
2727    4.9
2728    0
2729    0
2730    0
2731    0
2732    0
2733    0
2734    0
2735    0
2736    0
2737    0
2738    1.3
2739    0
2740    0
2741    0.8
2742    0.7
2743    0
2744    0
2745    0
2746    0
2747    0
2748    0
2749    0
2750    0
2751    0
2752    0
2753    0
2754    0
2755    16.1
2756    0
2757    0
2758    0
2759    0
2760    0
2761    0
2762    0
2763    0
2764    0
2765    0
2766    0
2767    0
2768    0
2769    0
2770    0
2771    27.8
2772    25.2
2773    0
2774    0
2775    0
2776    0
2777    10.8
2778    0
2779    2.5
2780    0
2781    0
2782    9.7
2783    0
2784    0
2785    0
2786    0
2787    0
2788    0
2789    24.2
2790    4.2
2791    0
2792    0.3
2793    0
2794    0
2795    0
2796    0
2797    0
2798    0
2799    0
2800    0
2801    0
2802    0
2803    0
2804    0
2805    0
2806    0
2807    0
2808    0
2809    0
2810    0
2811    0
2812    0
2813    0
2814    0
2815    0.9
2816    1.2
2817    0.2
2818    0
2819    0
2820    0
2821    0
2822    0.4
2823    0.8
2824    0
2825    0
2826    0
2827    1.8
2828    4.2
2829    32.5
2830    2.6
2831    0
2832    18
2833    0
2834    0
2835    0
2836    10.6
2837    10
2838    11.4
2839    0
2840    0
2841    30
2842    11.4
2843    3.1
2844    7.1
2845    0
2846    0
2847    0
2848    0
2849    0
2850    0
2851    2.4
2852    0.6
2853    0
2854    0
2855    0.3
2856    0.4
2857    0
2858    0
2859    0
2860    0
2861    0
2862    0
2863    0
2864    0
2865    18.2
2866    0.2
2867    0
2868    0
2869    0.1
2870    0
2871    24.7
2872    0
2873    0
2874    0
2875    0
2876    0
2877    36.5
2878    35.4
2879    5.8
2880    0
2881    0
2882    6.3
2883    0.7
2884    0
2885    0
2886    0.9
2887    0
2888    0
2889    0
2890    1.2
2891    0.2
2892    0.2
2893    0
2894    26
2895    9.3
2896    0.7
2897    0.5
2898    27.8
2899    0
2900    0
2901    0
2902    0
2903    0
2904    0
2905    0
2906    20.7
2907    0
2908    17.6
2909    6.3
2910    0
2911    57.6
2912    0.7
2913    0
2914    31.2
2915    39.6
2916    2.8
2917    0
2918    29.8
2919    0
2920    4.4
2921    2.8
2922    2.2
2923    0
2924    9.6
2925    0
2926    0
2927    0
2928    0
2929    0
2930    2
2931    9.8
2932    27.3
2933    41
2934    12.2
2935    7.9
2936    3
2937    0.6
2938    21.5
2939    3.6
2940    13
2941    0.8
2942    0
2943    3.8
2944    5.8
2945    9.8
2946    15.4
2947    0
2948    0.4
2949    0
2950    2.8
2951    0
2952    2.7
2953    1.4
2954    0
2955    1.1
2956    0
2957    0
2958    0
2959    0
2960    9.1
2961    7.4
2962    0
2963    0
2964    56.1
2965    9.7
2966    0
2967    0
2968    0
2969    0
2970    0
2971    0
2972    0.5
2973    0.3
2974    13.2
2975    0.2
2976    0
2977    0
2978    0
2979    17.2
2980    6.2
2981    15.6
2982    15.2
2983    0.6
2984    1.5
2985    6.4
2986    10.7
2987    2.3
2988    0
2989    0
2990    0
2991    6.1
2992    0.4
2993    0
2994    2.2
2995    0
2996    0.2
2997    0
2998    0
2999    0
3000    0.6
3001    7.3
3002    0
3003    0
3004    0
3005    18.7
3006    6.3
3007    11
3008    0
3009    38.7
3010    18.6
3011    0
3012    71.5
3013    0
3014    0.4
3015    5.3
3016    5
3017    0
3018    0
3019    0
3020    0
3021    0
3022    0
3023    0
3024    0
3025    0
3026    1.4
3027    2.7
3028    5
3029    0.2
3030    0
3031    0
3032    0
3033    1.6
3034    0
3035    0
3036    0
3037    0
3038    0
3039    0
3040    0
3041    0
3042    5.6
3043    3.3
3044    0
3045    0
3046    0
3047    45
3048    0.9
3049    0
3050    0
3051    0
3052    0
3053    0
3054    0
3055    0
3056    0
3057    6.7
3058    1.5
3059    0
3060    30.5
3061    18.8
3062    0
3063    0
3064    0
3065    0
3066    0
3067    0
3068    0
3069    0
3070    0
3071    1.1
3072    0
3073    0
3074    0
3075    1.6
3076    0
3077    2.4
3078    9
3079    0
3080    0
3081    0
3082    0
3083    0
3084    3.1
3085    20.8
3086    0
3087    0
3088    0
3089    0
3090    0.3
3091    0
3092    0
3093    0
3094    0
3095    0
3096    0
3097    5.1
3098    6.5
3099    1.5
3100    0
3101    0.3
3102    9.7
3103    0
3104    0
3105    2
3106    14.5
3107    5.3
3108    0
3109    0
3110    0
3111    0
3112    4.2
3113    0.4
3114    0
3115    0
3116    0
3117    0
3118    0
3119    22.9
3120    0
3121    0
3122    0
3123    0
3124    0
3125    0
3126    0.8
3127    4.2
3128    27.7
3129    0
3130    0
3131    0.5
3132    0
3133    0
3134    0.3
3135    0
3136    0.7
3137    0.3
3138    0
3139    0
3140    0
3141    0
3142    6.9
3143    0
3144    0
3145    0
3146    0
3147    0
3148    0
3149    0
3150    0
3151    0
3152    0
3153    0
3154    16.4
3155    26.8
3156    3.5
3157    0
3158    15.2
3159    0
3160    0
3161    0
3162    0
3163    0
3164    0
3165    29.2
3166    10.9
3167    11.7
3168    72
3169    0.7
3170    0
3171    0
3172    0
3173    0
3174    0
3175    2.2
3176    2.2
3177    1.4
3178    1.7
3179    11.7
3180    10
3181    0.3
3182    11.7
3183    0
3184    0
3185    0
3186    0
3187    0
3188    0
3189    3.1
3190    0.2
3191    0
3192    0
3193    4
3194    0
3195    0
3196    30
3197    9.7
3198    31.5
3199    0.6
3200    0
3201    0
3202    0
3203    0
3204    4.9
3205    6.1
3206    0
3207    1.5
3208    5.4
3209    0.8
3210    0
3211    0
3212    1.7
3213    0
3214    0
3215    0
3216    0
3217    0
3218    4.1
3219    0.6
3220    0
3221    0
3222    3.4
3223    0
3224    0
3225    0
3226    0
3227    1.8
3228    0
3229    18.3
3230    0
3231    0
3232    0
3233    0.8
3234    2
3235    0.9
3236    0
3237    0
3238    0
3239    0
3240    2.4
3241    0
3242    0
3243    0
3244    24.5
3245    0
3246    0
3247    0
3248    0
3249    11.1
3250    12
3251    0
3252    0
3253    0.6
3254    6.2
3255    15.2
3256    0
3257    0
3258    0
3259    0
3260    0
3261    0
3262    0
3263    0
3264    0
3265    0
3266    0
3267    0
3268    4.7
3269    0
3270    15
3271    16.4
3272    2.1
3273    6.5
3274    9
3275    37.3
3276    2.5
3277    7
3278    15.2
3279    0.8
3280    1.4
3281    0
3282    9.7
3283    0
3284    1.2
3285    3.6
3286    22.5
3287    0
3288    0
3289    0
3290    27.2
3291    2.5
3292    0.2
3293    0
3294    1.7
3295    54.8
3296    0
3297    0
3298    1.7
3299    46.3
3300    6.7
3301    0
3302    7.1
3303    0
3304    69.2
3305    1.9
3306    10.7
3307    1.8
3308    0
3309    0
3310    0
3311    3.3
3312    0.3
3313    0
3314    0
3315    0
3316    2.8
3317    0
3318    3.4
3319    43
3320    33.5
3321    14.9
3322    0
3323    0.2
3324    0
3325    0
3326    0.4
3327    0
3328    2.1
3329    1.8
3330    19.6
3331    0
3332    2.4
3333    12.5
3334    11.7
3335    62.3
3336    0
3337    7.6
3338    0
3339    1.3
3340    0
3341    9.1
3342    25.6
3343    13.1
3344    0
3345    0.5
3346    5
3347    0
3348    0
3349    0.9
3350    0
3351    0
3352    5.5
3353    0
3354    13.7
3355    19.9
3356    12.6
3357    2.4
3358    5.5
3359    2.4
3360    5.7
3361    0
3362    0.3
3363    0.2
3364    1.4
3365    5.1
3366    4.2
3367    0
3368    18
3369    0
3370    0
3371    0
3372    1.4
3373    0
3374    5.5
3375    0.3
3376    0
3377    0.3
3378    0
3379    0
3380    2.1
3381    0.9
3382    0
3383    39
3384    20.6
3385    2
3386    0
3387    0
3388    0
3389    4.5
3390    0
3391    25.3
3392    0
3393    15.2
3394    0.1
3395    0
3396    0
3397    0
3398    8.6
3399    3.4
3400    0.2
3401    3.8
3402    0
3403    0
3404    7.4
3405    4.6
3406    0
3407    0
3408    0.4
3409    0
3410    0
3411    0
3412    0.2
3413    8
3414    2.2
3415    0
3416    0
3417    0.8
3418    20.9
3419    0.2
3420    16.3
3421    12.8
3422    10.4
3423    0.7
3424    0
3425    0
3426    0.7
3427    0
3428    3.8
3429    8.9
3430    1.2
3431    47.4
3432    0
3433    0
3434    5.1
3435    2.3
3436    20
3437    36.2
3438    1.6
3439    2.9
3440    4
3441    4.4
3442    0
3443    0
3444    0
3445    0
3446    0
3447    0
3448    0
3449    0
3450    0
3451    0
3452    0
3453    0
3454    0
3455    0
3456    0
3457    0
3458    0
3459    0
3460    0
3461    0
3462    0
3463    8.8
3464    5.6
3465    0
3466    0
3467    0
3468    4.4
3469    0
3470    13.5
3471    0
3472    0
3473    0
3474    0
3475    0
3476    0
3477    0
3478    0
3479    0
3480    0
3481    0
3482    9.1
3483    0
3484    0
3485    1.2
3486    0.2
3487    0
3488    0
3489    0
3490    0
3491    0
3492    0.6
3493    0
3494    0
3495    1.5
3496    0
3497    0
3498    0
3499    0
3500    1.3
3501    2.7
3502    0
3503    0
3504    0
3505    0
3506    0
3507    0
3508    0
3509    0
3510    0
3511    0.9
3512    0
3513    0
3514    0
3515    0
3516    0
3517    19.1
3518    0
3519    0.5
3520    0
3521    1.5
3522    0
3523    0
3524    0
3525    0
3526    1.2
3527    0
3528    0
3529    0
3530    6.9
3531    0.9
3532    0
3533    0.2
3534    0
3535    0
3536    0
3537    0
3538    0
3539    0
3540    0
3541    0
3542    0
3543    0
3544    0
3545    0
3546    0.6
3547    2.2
3548    5.4
3549    2.9
3550    4.4
3551    0.3
3552    0
3553    0
3554    0
3555    0
3556    0
3557    0
3558    0
3559    0
3560    0
3561    0
3562    0
3563    0.9
3564    0.4
3565    25.6
3566    2.8
3567    0
3568    0.2
3569    18.2
3570    0
3571    0
3572    0
3573    16.2
3574    22.2
3575    3.5
3576    6.8
3577    7.5
3578    12.1
3579    0
3580    0.4
3581    0.2
3582    1.5
3583    0
3584    9.3
3585    2.9
3586    0
3587    13.6
3588    2.6
3589    17.6
3590    17
3591    3.7
3592    1.6
3593    0
3594    0.9
3595    30.5
3596    2.3
3597    0
3598    2.3
3599    0
3600    0
3601    39.5
3602    1.8
3603    0.3
3604    1.5
3605    3.8
3606    0
3607    0
3608    0
3609    0
3610    0
3611    0
3612    0
3613    3.9
3614    5.2
3615    0
3616    0
3617    18.8
3618    3.6
3619    0
3620    0
3621    0
3622    0
3623    0
3624    0
3625    0
3626    1.4
3627    0
3628    0
3629    0
3630    0
3631    0
3632    0
3633    8
3634    0
3635    0.2
3636    3.9
3637    20.8
3638    25.5
3639    0.6
3640    0
3641    23.1
3642    0
3643    0
3644    0
3645    0
3646    0
3647    0.4
3648    0
3649    0
3650    0
3651    0
3652    0
3653    21.5
3654    13.8
3655    17.9
3656    9.4
3657    0
3658    0
3659    34.5
3660    0
3661    2.5
3662    58.7
3663    0.8
3664    0
3665    0
3666    0
3667    7
3668    2.2
3669    0
3670    0
3671    0
3672    0
3673    0.5
3674    14.6
3675    26.9
3676    10.3
3677    0
3678    0
3679    83.5
3680    0.2
3681    3.3
3682    1.8
3683    13.4
3684    0
3685    1.2
3686    0.5
3687    9.6
3688    4.9
3689    33.1
3690    15.8
3691    4.3
3692    6.1
3693    0
3694    1.7
3695    1.6
3696    0
3697    0
3698    0
3699    0
3700    0
3701    0
3702    0.7
3703    1.3
3704    0.5
3705    0
3706    0
3707    0.9
3708    20.5
3709    8.1
3710    0
3711    0
3712    0
3713    3.7
3714    3.4
3715    5.8
3716    3.3
3717    0
3718    0
3719    0
3720    0
3721    0
3722    0
3723    0
3724    0
3725    0
3726    0
3727    0
3728    6.9
3729    0
3730    0
3731    6.8
3732    0
3733    0
3734    0
3735    0
3736    0
3737    0
3738    0
3739    0
3740    0
3741    0.8
3742    0
3743    0
3744    0
3745    4.4
3746    0
3747    0
3748    0
3749    10
3750    0
3751    0
3752    0
3753    0
3754    0
3755    0
3756    2.1
3757    0
3758    0
3759    0
3760    1
3761    0
3762    0
3763    0
3764    0
3765    0
3766    0
3767    0
3768    0
3769    1.3
3770    1
3771    0
3772    0
3773    0
3774    0
3775    0
3776    0
3777    0
3778    0.8
3779    2.3
3780    0
3781    0
3782    0
3783    0
3784    0
3785    1.8
3786    6.3
3787    0
3788    0
3789    0
3790    0
3791    0
3792    0
3793    0
3794    1.6
3795    0
3796    0
3797    0
3798    0
3799    0
3800    0
3801    0
3802    0
3803    0
3804    0.5
3805    0.9
3806    0
3807    0
3808    0.6
3809    12.9
3810    0.2
3811    0
3812    0.3
3813    31.2
3814    21.8
3815    0
3816    0.3
3817    1.6
3818    0
3819    0
3820    0
3821    0
3822    0
3823    0
3824    0
3825    0
3826    0
3827    0
3828    0
3829    8.6
3830    3.3
3831    6.2
3832    0
3833    1.8
3834    16.6
3835    0
3836    0
3837    0
3838    0
3839    2.3
3840    26.1
3841    9.5
3842    3
3843    0
3844    0
3845    13.8
3846    3.6
3847    1.1
3848    0
3849    0
3850    17.2
3851    0
3852    0
3853    0
3854    0
3855    0
3856    0
3857    0
3858    0
3859    0
3860    0
3861    0.5
3862    18
3863    0
3864    0
3865    0.5
3866    0
3867    0
3868    0
3869    0
3870    0
3871    0
3872    0
3873    0
3874    0
3875    0
3876    0.7
3877    15
3878    0.8
3879    63.6
3880    0.9
3881    6.5
3882    0.2
3883    0.2
3884    5.5
3885    2.2
3886    0
3887    0
3888    2.7
3889    0
3890    0
3891    0
3892    0
3893    0
3894    0
3895    2.5
3896    1
3897    0.7
3898    0
3899    1.6
3900    0.3
3901    0
3902    3.8
3903    60.6
3904    2.7
3905    0
3906    0
3907    0
3908    0
3909    0
3910    0.3
3911    0
3912    12
3913    0
3914    0
3915    0.6
3916    0
3917    0
3918    0
3919    0
3920    0
3921    0
3922    0
3923    15.3
3924    1.4
3925    0
3926    5.5
3927    0
3928    2
3929    32
3930    4.1
3931    0
3932    0
3933    7.1
3934    4.6
3935    4.6
3936    0
3937    0
3938    0
3939    0
3940    0
3941    0
3942    0
3943    0
3944    0
3945    0
3946    0
3947    6.2
3948    6.7
3949    0.8
3950    0.2
3951    0.8
3952    8.8
3953    0
3954    0
3955    9.4
3956    2.1
3957    1.5
3958    0.5
3959    0
3960    22.4
3961    2.9
3962    1.4
3963    0
3964    0
3965    0
3966    8
3967    0.4
3968    22.3
3969    63
3970    25.9
3971    0.6
3972    3.2
3973    69.2
3974    0
3975    1.2
3976    1.7
3977    12.2
3978    0
3979    2.9
3980    0
3981    0
3982    0
3983    30.2
3984    3
3985    0
3986    0.2
3987    47.6
3988    0.3
3989    15.7
3990    0
3991    3.8
3992    11.6
3993    17.5
3994    1.8
3995    0
3996    0
3997    0
3998    9
3999    10.1
4000    9.6
4001    17
4002    0.2
4003    13.1
4004    7.5
4005    0
4006    0
4007    3.1
4008    0
4009    0.4
4010    0
4011    3.4
4012    0
4013    0.2
4014    4.6
4015    7.6
4016    30.6
4017    5.4
4018    3.2
4019    0.3
4020    0
4021    1.2
4022    0
4023    11.4
4024    11
4025    26.3
4026    11.6
4027    0.3
4028    0.5
4029    0
4030    2.3
4031    3.6
4032    12.9
4033    0.3
4034    15.6
4035    11.8
4036    0.9
4037    42.8
4038    28.4
4039    17.8
4040    27.5
4041    2.2
4042    9.4
4043    8.5
4044    1.9
4045    0.4
4046    84
4047    5.5
4048    0.7
4049    4.7
4050    18.6
4051    15
4052    19
4053    1.9
4054    0
4055    0
4056    0
4057    0
4058    1.4
4059    0.2
4060    0.4
4061    0
4062    0
4063    24.1
4064    23.7
4065    11.2
4066    25.4
4067    0
4068    0
4069    0
4070    0
4071    0
4072    4.1
4073    8
4074    3.2
4075    25.9
4076    48
4077    15.8
4078    2.4
4079    24.3
4080    38
4081    11.2
4082    1.6
4083    0.8
4084    0
4085    19.8
4086    1.9
4087    0
4088    0
4089    0
4090    0
4091    15.1
4092    1.8
4093    0
4094    67.7
4095    0.6
4096    0
4097    0
4098    0
4099    7.4
4100    12.2
4101    1.7
4102    0
4103    28.1
4104    35.5
4105    3.8
4106    13.5
4107    2.6
4108    2
4109    5
4110    1.2
4111    0
4112    5.9
4113    0
4114    1.2
4115    3.2
4116    0
4117    0
4118    0
4119    0
4120    1.6
4121    0
4122    0
4123    0
4124    0
4125    9
4126    23.2
4127    10.4
4128    23.5
4129    33.6
4130    1.9
4131    0.4
4132    0
4133    0
4134    0
4135    0
4136    0
4137    0
4138    0
4139    0
4140    0
4141    0
4142    0.8
4143    26
4144    30.4
4145    0
4146    0
4147    0.6
4148    0
4149    0
4150    0
4151    0
4152    0
4153    0
4154    0
4155    0
4156    0
4157    0
4158    0
4159    14.3
4160    0
4161    0
4162    0
4163    0
4164    0
4165    0
4166    38.6
4167    0
4168    0.8
4169    0
4170    0
4171    0
4172    0
4173    0
4174    0
4175    23.4
4176    11.2
4177    82.6
4178    6.1
4179    11.4
4180    0
4181    0
4182    0
4183    0
4184    2.8
4185    0.5
4186    0
4187    6
4188    65.8
4189    0.2
4190    1.4
4191    0
4192    0
4193    1.7
4194    0
4195    2.9
4196    52.2
4197    27.6
4198    0
4199    0
4200    0
4201    0
4202    0
4203    0
4204    0
4205    1.2
4206    0
4207    0
4208    0
4209    0
4210    0
4211    0
4212    0
4213    0
4214    5.2
4215    0.7
4216    0
4217    0
4218    0
4219    0
4220    0
4221    0
4222    0
4223    0
4224    0
4225    0.7
4226    8.4
4227    0
4228    0
4229    0
4230    0
4231    0
4232    0
4233    0
4234    3.7
4235    0.9
4236    1.8
4237    0
4238    0
4239    0
4240    17
4241    0.3
4242    1.4
4243    3.3
4244    0
4245    0
4246    0
4247    0
4248    0
4249    0
4250    0
4251    0
4252    0
4253    0
4254    0
4255    0.2
4256    1
4257    0
4258    0
4259    0
4260    2
4261    0
4262    0
4263    0
4264    0
4265    3.5
4266    0
4267    2.1
4268    11.5
4269    8.4
4270    0
4271    0
4272    0
4273    0
4274    26
4275    3.9
4276    0.4
4277    0.9
4278    41
4279    0
4280    0.3
4281    0.8
4282    0.2
4283    0
4284    3.5
4285    0
4286    0
4287    0
4288    0
4289    14.3
4290    7.5
4291    0
4292    0.5
4293    0
4294    2.2
4295    1.2
4296    1.5
4297    17.1
4298    0
4299    33.5
4300    0.2
4301    1.9
4302    14.2
4303    2.2
4304    0
4305    0
4306    32.4
4307    2.9
4308    5.7
4309    1.7
4310    0.3
4311    3.1
4312    0
4313    0
4314    4.5
4315    0
4316    0
4317    0
4318    0
4319    0
4320    4.9
4321    4.7
4322    0
4323    0
4324    0
4325    4.7
4326    21.8
4327    0
4328    7.2
4329    0.5
4330    0.3
4331    0.4
4332    0.3
4333    0.7
4334    0.5
4335    0
4336    0
4337    0
4338    0
4339    22.7
4340    38
4341    1.9
4342    0
4343    0
4344    0
4345    0.3
4346    0
4347    10.8
4348    1.1
4349    2.1
4350    0
4351    0
4352    0
4353    0.9
4354    0.3
4355    1.4
4356    0
4357    8.1
4358    33.6
4359    1.1
4360    0
4361    0
4362    0
4363    23.7
4364    12.8
4365    1
4366    3
4367    0.8
4368    1.8
4369    2.3
4370    0
4371    0
4372    0
4373    5.8
4374    6.7
4375    0.6
4376    0
4377    0
4378    9.9
4379    0
4380    0
4381    9.8
4382    0
4383    0
4384    0
4385    2.5
4386    1.4
4387    1.3
4388    0
4389    13.2
4390    3.2
4391    1.7
4392    6.1
4393    0.4
4394    0
4395    0
4396    0
4397    0
4398    11
4399    0.4
4400    5
4401    0
4402    5.1
4403    7.1
4404    0
4405    0
4406    0
4407    0
4408    0.5
4409    0
4410    21
4411    10.8
4412    2.8
4413    0.2
4414    43
4415    0
4416    0.6
4417    0
4418    2.7
4419    15.1
4420    0
4421    0
4422    0
4423    3.8
4424    0
4425    0
4426    0
4427    0
4428    0
4429    0
4430    0
4431    24
4432    10.8
4433    0
4434    0
4435    0
4436    40.4
4437    0
4438    0
4439    0
4440    0
4441    0
4442    2.4
4443    1.1
4444    27.3
4445    23.5
4446    0.5
4447    0
4448    12.6
4449    1.8
4450    0
4451    0
4452    44.7
4453    27.7
4454    0
4455    33.5
4456    0.3
4457    4.1
4458    21.1
4459    0
4460    18.1
4461    2.9
4462    12.2
4463    1.6
4464    0.4
4465    0
4466    5.8
4467    0.2
4468    0
4469    0
4470    0
4471    0
4472    7.6
4473    0
4474    4.6
4475    2.8
4476    0.9
4477    1.5
4478    0.6
4479    0
4480    0
4481    0.6
4482    1.6
4483    4.5
4484    0
4485    2.9
4486    7.1
4487    0.5
4488    0
4489    0
4490    0.4
4491    0
4492    0
4493    0
4494    0
4495    0
4496    0
4497    0
4498    0
4499    0
4500    0
4501    18.1
4502    0
4503    8.3
4504    9
4505    117
4506    87.3
4507    115.6
4508    0.9
4509    0
4510    0
4511    0
4512    0
4513    5
4514    1.1
4515    0
4516    0
4517    0
4518    3.8
4519    0
4520    0
4521    0
4522    0
4523    0
4524    0
4525    0
4526    0
4527    0
4528    0
4529    0
4530    1.1
4531    0
4532    31.1
4533    3.4
4534    0.6
4535    14.9
4536    11.8
4537    0
4538    0
4539    27.4
4540    12.5
4541    3.3
4542    0.3
4543    0.7
4544    0.2
4545    0
4546    0
4547    0.5
4548    0
4549    0
4550    0
4551    13.9
4552    0
4553    0
4554    0
4555    22.5
4556    32.9
4557    12.6
4558    0
4559    4.1
4560    0
4561    0
4562    0
4563    0
<EndTimeSerie>